r [A]	U [eV]
3,05	76,16759021
3,06	73,26492831
3,07	70,46676349
3,08	67,769196
3,09	65,16848046
3,1	62,66101929
3,11	60,24335654
3,12	57,91217194
3,13	55,6642752
3,14	53,49660062
3,15	51,40620188
3,16	49,3902471
3,17	47,4460141
3,18	45,57088589
3,19	43,76234635
3,2	42,01797604
3,21	40,33544831
3,22	38,71252549
3,23	37,14705525
3,24	35,63696718
3,25	34,18026943
3,26	32,7750456
3,27	31,41945163
3,28	30,11171295
3,29	28,85012171
3,3	27,63303405
3,31	26,45886762
3,32	25,32609912
3,33	24,23326193
3,34	23,17894393
3,35	22,16178528
3,36	21,18047644
3,37	20,23375615
3,38	19,32040956
3,39	18,43926641
3,4	17,58919933
3,41	16,76912211
3,42	15,9779882
3,43	15,21478907
3,44	14,47855285
3,45	13,76834286
3,46	13,08325627
3,47	12,42242282
3,48	11,78500358
3,49	11,17018974
3,5	10,57720149
3,51	10,00528691
3,52	9,453720902
3,53	8,921804214
3,54	8,408862444
3,55	7,914245115
3,56	7,437324782
3,57	6,977496171
3,58	6,534175352
3,59	6,106798951
3,6	5,694823382
3,61	5,297724121
3,62	4,914995
3,63	4,546147532
3,64	4,190710262
3,65	3,848228144
3,66	3,518261937
3,67	3,200387634
3,68	2,894195903
3,69	2,599291559
3,7	2,315293045
3,71	2,041831944
3,72	1,778552503
3,73	1,525111178
3,74	1,281176195
3,75	1,046427126
3,76	0,820554485
3,77	0,60325934
3,78	0,39425293
3,79	0,193256311
3,8	-3,75699E-13
3,81	-0,185776352
3,82	-0,36432429
3,83	-0,535886861
3,84	-0,700698915
3,85	-0,858987391
3,86	-1,010971598
3,87	-1,156863479
3,88	-1,29686787
3,89	-1,431182745
3,9	-1,559999459
3,91	-1,683502974
3,92	-1,801872083
3,93	-1,915279622
3,94	-2,023892677
3,95	-2,12787278
3,96	-2,227376102
3,97	-2,322553639
3,98	-2,413551385
3,99	-2,500510505
4	-2,5835675
4,01	-2,662854368
4,02	-2,738498755
4,03	-2,810624102
4,04	-2,87934979
4,05	-2,944791278
4,06	-3,007060231
4,07	-3,066264653
4,08	-3,12250901
4,09	-3,175894344
4,1	-3,226518395
4,11	-3,274475706
4,12	-3,319857733
4,13	-3,362752948
4,14	-3,403246937
4,15	-3,441422498
4,16	-3,477359733
4,17	-3,511136137
4,18	-3,542826684
4,19	-3,572503914
4,2	-3,600238009
4,21	-3,626096872
4,22	-3,650146205
4,23	-3,672449578
4,24	-3,693068501
4,25	-3,712062492
4,26	-3,729489138
4,27	-3,745404166
4,28	-3,759861495
4,29	-3,772913304
4,3	-3,784610081
4,31	-3,795000682
4,32	-3,804132384
4,33	-3,812050934
4,34	-3,818800602
4,35	-3,824424226
4,36	-3,828963261
4,37	-3,832457819
4,38	-3,834946718
4,39	-3,836467521
4,4	-3,837056577
4,41	-3,836749057
4,42	-3,835578998
4,43	-3,833579334
4,44	-3,830781934
4,45	-3,827217634
4,46	-3,822916273
4,47	-3,817906724
4,48	-3,812216922
4,49	-3,805873897
4,5	-3,798903804
4,51	-3,791331945
4,52	-3,783182803
4,53	-3,774480063
4,54	-3,765246642
4,55	-3,755504707
4,56	-3,745275706
4,57	-3,734580385
4,58	-3,723438813
4,59	-3,711870403
4,6	-3,699893933
4,61	-3,687527565
4,62	-3,674788866
4,63	-3,661694824
4,64	-3,64826187
4,65	-3,634505893
4,66	-3,620442257
4,67	-3,60608582
4,68	-3,591450946
4,69	-3,576551525
4,7	-3,561400982
4,71	-3,546012299
4,72	-3,530398023
4,73	-3,514570281
4,74	-3,498540796
4,75	-3,482320896
4,76	-3,465921528
4,77	-3,44935327
4,78	-3,432626342
4,79	-3,415750618
4,8	-3,398735637
4,81	-3,381590611
4,82	-3,364324439
4,83	-3,346945713
4,84	-3,329462732
4,85	-3,311883506
4,86	-3,294215769
4,87	-3,276466986
4,88	-3,258644362
4,89	-3,240754849
4,9	-3,222805156
4,91	-3,204801755
4,92	-3,186750888
4,93	-3,168658575
4,94	-3,150530621
4,95	-3,132372624
4,96	-3,114189978
4,97	-3,095987883
4,98	-3,077771348
4,99	-3,0595452
5	-3,041314088
5,01	-3,023082488
5,02	-3,004854709
5,03	-2,986634902
5,04	-2,968427056
5,05	-2,950235012
5,06	-2,932062464
5,07	-2,913912962
5,08	-2,895789922
5,09	-2,877696622
5,1	-2,859636214
5,11	-2,841611723
5,12	-2,823626056
5,13	-2,805682
5,14	-2,787782228
5,15	-2,769929305
5,16	-2,752125689
5,17	-2,734373734
5,18	-2,716675696
5,19	-2,699033732
5,2	-2,681449908
5,21	-2,663926197
5,22	-2,646464486
5,23	-2,629066576
5,24	-2,611734188
5,25	-2,594468962
5,26	-2,57727246
5,27	-2,560146171
5,28	-2,543091513
5,29	-2,526109833
5,3	-2,509202409
5,31	-2,492370458
5,32	-2,475615129
5,33	-2,458937514
5,34	-2,442338644
5,35	-2,425819493
5,36	-2,40938098
5,37	-2,393023971
5,38	-2,37674928
5,39	-2,360557671
5,4	-2,34444986
5,41	-2,328426517
5,42	-2,312488265
5,43	-2,296635686
5,44	-2,280869318
5,45	-2,265189659
5,46	-2,249597168
5,47	-2,234092266
5,48	-2,218675336
5,49	-2,203346729
5,5	-2,188106757
5,51	-2,172955704
5,52	-2,157893819
5,53	-2,142921321
5,54	-2,1280384
5,55	-2,113245217
5,56	-2,098541905
5,57	-2,083928572
5,58	-2,069405297
5,59	-2,054972139
5,6	-2,04062913
5,61	-2,026376279
5,62	-2,012213574
5,63	-1,998140982
5,64	-1,984158449
5,65	-1,970265901
5,66	-1,956463244
5,67	-1,942750369
5,68	-1,929127147
5,69	-1,915593432
5,7	-1,902149063
5,71	-1,888793861
5,72	-1,875527636
5,73	-1,862350181
5,74	-1,849261274
5,75	-1,836260683
5,76	-1,823348162
5,77	-1,810523451
5,78	-1,79778628
5,79	-1,785136369
5,8	-1,772573425
5,81	-1,760097145
5,82	-1,747707219
5,83	-1,735403325
5,84	-1,723185131
5,85	-1,711052301
5,86	-1,699004486
5,87	-1,687041332
5,88	-1,675162477
5,89	-1,663367552
5,9	-1,651656182
5,91	-1,640027984
5,92	-1,628482571
5,93	-1,617019548
5,94	-1,605638517
5,95	-1,594339074
5,96	-1,583120809
5,97	-1,571983309
5,98	-1,560926157
5,99	-1,549948931
6	-1,539051205
6,01	-1,52823255
6,02	-1,517492534
6,03	-1,506830722
6,04	-1,496246676
6,05	-1,485739954
6,06	-1,475310114
6,07	-1,46495671
6,08	-1,454679295
6,09	-1,44447742
6,1	-1,434350634
6,11	-1,424298483
6,12	-1,414320515
6,13	-1,404416274
6,14	-1,394585305
6,15	-1,384827151
6,16	-1,375141354
6,17	-1,365527456
6,18	-1,355984998
6,19	-1,346513522
6,2	-1,337112568
6,21	-1,327781677
6,22	-1,318520391
6,23	-1,309328249
6,24	-1,300204794
6,25	-1,291149567
6,26	-1,28216211
6,27	-1,273241965
6,28	-1,264388676
6,29	-1,255601787
6,3	-1,246880843
6,31	-1,23822539
6,32	-1,229634973
6,33	-1,221109142
6,34	-1,212647444
6,35	-1,20424943
6,36	-1,195914651
6,37	-1,187642661
6,38	-1,179433012
6,39	-1,171285261
6,4	-1,163198964
6,41	-1,155173681
6,42	-1,147208971
6,43	-1,139304396
6,44	-1,131459519
6,45	-1,123673907
6,46	-1,115947126
6,47	-1,108278746
6,48	-1,100668336
6,49	-1,09311547
6,5	-1,085619722
6,51	-1,078180669
6,52	-1,07079789
6,53	-1,063470965
6,54	-1,056199478
6,55	-1,048983012
6,56	-1,041821156
6,57	-1,034713498
6,58	-1,02765963
6,59	-1,020659145
6,6	-1,013711638
6,61	-1,006816708
6,62	-0,999973956
6,63	-0,993182983
6,64	-0,986443394
6,65	-0,979754796
6,66	-0,973116799
6,67	-0,966529014
6,68	-0,959991056
6,69	-0,95350254
6,7	-0,947063086
6,71	-0,940672314
6,72	-0,934329847
6,73	-0,928035312
6,74	-0,921788337
6,75	-0,915588552
6,76	-0,90943559
6,77	-0,903329087
6,78	-0,897268679
6,79	-0,891254008
6,8	-0,885284715
6,81	-0,879360446
6,82	-0,873480847
6,83	-0,867645569
6,84	-0,861854263
6,85	-0,856106584
6,86	-0,850402188
6,87	-0,844740736
6,88	-0,839121887
6,89	-0,833545307
6,9	-0,828010662
6,91	-0,822517619
6,92	-0,817065852
6,93	-0,811655032
6,94	-0,806284835
6,95	-0,80095494
6,96	-0,795665027
6,97	-0,790414779
6,98	-0,78520388
6,99	-0,780032019
7	-0,774898885
7,01	-0,76980417
7,02	-0,764747569
7,03	-0,759728777
7,04	-0,754747494
7,05	-0,749803421
7,06	-0,744896261
7,07	-0,74002572
7,08	-0,735191505
7,09	-0,730393328
7,1	-0,725630899
7,11	-0,720903935
7,12	-0,71621215
7,13	-0,711555265
7,14	-0,706933
7,15	-0,702345079
7,16	-0,697791226
7,17	-0,69327117
7,18	-0,688784639
7,19	-0,684331367
7,2	-0,679911086
7,21	-0,675523532
7,22	-0,671168444
7,23	-0,666845561
7,24	-0,662554627
7,25	-0,658295384
7,26	-0,654067579
7,27	-0,64987096
7,28	-0,645705278
7,29	-0,641570285
7,3	-0,637465735
7,31	-0,633391385
7,32	-0,629346991
7,33	-0,625332315
7,34	-0,621347119
7,35	-0,617391166
7,36	-0,613464222
7,37	-0,609566055
7,38	-0,605696435
7,39	-0,601855133
7,4	-0,598041922
7,41	-0,594256578
7,42	-0,590498877
7,43	-0,586768599
7,44	-0,583065525
7,45	-0,579389435
7,46	-0,575740116
7,47	-0,572117352
7,48	-0,568520931
7,49	-0,564950644
7,5	-0,561406281
7,51	-0,557887634
7,52	-0,5543945
7,53	-0,550926673
7,54	-0,547483952
7,55	-0,544066137
7,56	-0,540673029
7,57	-0,537304431
7,58	-0,533960147
7,59	-0,530639984
7,6	-0,52734375
7,61	-0,524071253
7,62	-0,520822306
7,63	-0,51759672
7,64	-0,514394309
7,65	-0,511214889
7,66	-0,508058278
7,67	-0,504924294
7,68	-0,501812757
7,69	-0,49872349
7,7	-0,495656314
7,71	-0,492611055
7,72	-0,48958754
7,73	-0,486585595
7,74	-0,483605049
7,75	-0,480645734
7,76	-0,47770748
7,77	-0,474790122
7,78	-0,471893493
7,79	-0,46901743
7,8	-0,466161771
7,81	-0,463326354
7,82	-0,460511018
7,83	-0,457715607
7,84	-0,454939962
7,85	-0,452183927
7,86	-0,449447349
7,87	-0,446730073
7,88	-0,444031948
7,89	-0,441352823
7,9	-0,438692548
7,91	-0,436050975
7,92	-0,433427958
7,93	-0,43082335
7,94	-0,428237007
7,95	-0,425668786
7,96	-0,423118544
7,97	-0,420586141
7,98	-0,418071436
7,99	-0,415574293
8	-0,413094572
8,01	-0,410632137
8,02	-0,408186854
8,03	-0,405758589
8,04	-0,403347209
8,05	-0,400952581
8,06	-0,398574576
8,07	-0,396213064
8,08	-0,393867916
8,09	-0,391539005
8,1	-0,389226205
8,11	-0,38692939
8,12	-0,384648436
8,13	-0,382383221
8,14	-0,380133621
8,15	-0,377899516
8,16	-0,375680786
8,17	-0,373477312
8,18	-0,371288975
8,19	-0,369115659
8,2	-0,366957246
8,21	-0,364813624
8,22	-0,362684676
8,23	-0,36057029
8,24	-0,358470353
8,25	-0,356384755
8,26	-0,354313384
8,27	-0,352256132
8,28	-0,350212889
8,29	-0,348183548
8,3	-0,346168003
8,31	-0,344166147
8,32	-0,342177875
8,33	-0,340203084
8,34	-0,338241669
8,35	-0,336293529
8,36	-0,334358562
8,37	-0,332436668
8,38	-0,330527746
8,39	-0,328631697
8,4	-0,326748424
8,41	-0,324877829
8,42	-0,323019815
8,43	-0,321174287
8,44	-0,319341149
8,45	-0,317520307
8,46	-0,315711669
8,47	-0,313915141
8,48	-0,312130632
8,49	-0,31035805
8,5	-0,308597305
8,51	-0,306848308
8,52	-0,305110969
8,53	-0,303385201
8,54	-0,301670916
8,55	-0,299968028
8,56	-0,29827645
8,57	-0,296596098
8,58	-0,294926886
8,59	-0,293268731
8,6	-0,29162155
8,61	-0,289985261
8,62	-0,288359781
8,63	-0,28674503
8,64	-0,285140927
8,65	-0,283547392
8,66	-0,281964346
8,67	-0,280391712
8,68	-0,27882941
8,69	-0,277277364
8,7	-0,275735497
8,71	-0,274203733
8,72	-0,272681998
8,73	-0,271170216
8,74	-0,269668313
8,75	-0,268176216
8,76	-0,266693852
8,77	-0,265221149
8,78	-0,263758035
8,79	-0,26230444
8,8	-0,260860291
8,81	-0,259425521
8,82	-0,258000058
8,83	-0,256583835
8,84	-0,255176783
8,85	-0,253778835
8,86	-0,252389924
8,87	-0,251009982
8,88	-0,249638945
8,89	-0,248276745
8,9	-0,24692332
8,91	-0,245578603
8,92	-0,244242532
8,93	-0,242915042
8,94	-0,241596071
8,95	-0,240285557
8,96	-0,238983437
8,97	-0,237689651
8,98	-0,236404137
8,99	-0,235126835
9	-0,233857686
9,01	-0,232596629
9,02	-0,231343606
9,03	-0,230098559
9,04	-0,228861429
9,05	-0,227632159
9,06	-0,226410693
9,07	-0,225196972
9,08	-0,223990942
9,09	-0,222792546
9,1	-0,22160173
9,11	-0,220418439
9,12	-0,219242617
9,13	-0,218074213
9,14	-0,21691317
9,15	-0,215759438
9,16	-0,214612963
9,17	-0,213473693
9,18	-0,212341576
9,19	-0,211216561
9,2	-0,210098597
9,21	-0,208987633
9,22	-0,207883619
9,23	-0,206786506
9,24	-0,205696244
9,25	-0,204612784
9,26	-0,203536078
9,27	-0,202466076
9,28	-0,201402733
9,29	-0,200345999
9,3	-0,199295829
9,31	-0,198252175
9,32	-0,197214991
9,33	-0,196184231
9,34	-0,19515985
9,35	-0,194141802
9,36	-0,193130043
9,37	-0,192124528
9,38	-0,191125212
9,39	-0,190132053
9,4	-0,189145006
9,41	-0,188164028
9,42	-0,187189078
9,43	-0,186220111
9,44	-0,185257087
9,45	-0,184299963
9,46	-0,183348697
9,47	-0,18240325
9,48	-0,18146358
9,49	-0,180529646
9,5	-0,179601408
9,51	-0,178678827
9,52	-0,177761863
9,53	-0,176850476
9,54	-0,175944628
9,55	-0,17504428
9,56	-0,174149394
9,57	-0,173259932
9,58	-0,172375856
9,59	-0,171497129
9,6	-0,170623713
9,61	-0,169755571
9,62	-0,168892668
9,63	-0,168034966
9,64	-0,16718243
9,65	-0,166335024
9,66	-0,165492713
9,67	-0,164655461
9,68	-0,163823234
9,69	-0,162995996
9,7	-0,162173714
9,71	-0,161356353
9,72	-0,16054388
9,73	-0,159736261
9,74	-0,158933462
9,75	-0,158135451
9,76	-0,157342195
9,77	-0,156553661
9,78	-0,155769817
9,79	-0,15499063
9,8	-0,15421607
9,81	-0,153446104
9,82	-0,152680701
9,83	-0,15191983
9,84	-0,151163461
9,85	-0,150411561
9,86	-0,149664102
9,87	-0,148921053
9,88	-0,148182384
9,89	-0,147448066
9,9	-0,146718068
9,91	-0,145992362
9,92	-0,145270918
9,93	-0,144553708
9,94	-0,143840704
9,95	-0,143131876
9,96	-0,142427197
9,97	-0,141726639
9,98	-0,141030174
9,99	-0,140337774
10	-0,139649413
10,01	-0,138965062
10,02	-0,138284696
10,03	-0,137608287
10,04	-0,136935809
10,05	-0,136267236
10,06	-0,135602541
10,07	-0,134941699
10,08	-0,134284684
10,09	-0,13363147
10,1	-0,132982033
10,11	-0,132336346
10,12	-0,131694385
10,13	-0,131056126
10,14	-0,130421543
10,15	-0,129790612
10,16	-0,12916331
10,17	-0,128539611
10,18	-0,127919492
10,19	-0,12730293
10,2	-0,126689901
10,21	-0,126080382
10,22	-0,125474349
10,23	-0,124871779
10,24	-0,12427265
10,25	-0,123676939
10,26	-0,123084624
10,27	-0,122495682
10,28	-0,121910091
10,29	-0,121327829
10,3	-0,120748875
10,31	-0,120173206
10,32	-0,119600801
10,33	-0,119031639
10,34	-0,118465698
10,35	-0,117902959
10,36	-0,117343398
10,37	-0,116786997
10,38	-0,116233734
10,39	-0,11568359
10,4	-0,115136543
10,41	-0,114592573
10,42	-0,114051662
10,43	-0,113513788
10,44	-0,112978932
10,45	-0,112447075
10,46	-0,111918197
10,47	-0,111392279
10,48	-0,110869301
10,49	-0,110349246
10,5	-0,109832093
10,51	-0,109317825
10,52	-0,108806423
10,53	-0,108297868
10,54	-0,107792142
10,55	-0,107289227
10,56	-0,106789105
10,57	-0,106291757
10,58	-0,105797167
10,59	-0,105305316
10,6	-0,104816188
10,61	-0,104329763
10,62	-0,103846027
10,63	-0,10336496
10,64	-0,102886546
10,65	-0,102410769
10,66	-0,101937612
10,67	-0,101467057
10,68	-0,100999088
10,69	-0,10053369
10,7	-0,100070844
10,71	-0,099610537
10,72	-0,099152751
10,73	-0,09869747
10,74	-0,098244678
10,75	-0,097794361
10,76	-0,097346501
10,77	-0,096901085
10,78	-0,096458095
10,79	-0,096017518
10,8	-0,095579338
10,81	-0,095143539
10,82	-0,094710107
10,83	-0,094279028
10,84	-0,093850285
10,85	-0,093423865
10,86	-0,092999753
10,87	-0,092577935
10,88	-0,092158396
10,89	-0,091741122
10,9	-0,091326099
10,91	-0,090913313
10,92	-0,09050275
10,93	-0,090094396
10,94	-0,089688237
10,95	-0,08928426
10,96	-0,088882451
10,97	-0,088482797
10,98	-0,088085284
10,99	-0,0876899
11	-0,08729663
11,01	-0,086905462
11,02	-0,086516383
11,03	-0,08612938
11,04	-0,08574444
11,05	-0,085361551
11,06	-0,084980699
11,07	-0,084601873
11,08	-0,084225059
11,09	-0,083850246
11,1	-0,083477421
11,11	-0,083106572
11,12	-0,082737687
11,13	-0,082370753
11,14	-0,08200576
11,15	-0,081642694
11,16	-0,081281545
11,17	-0,0809223
11,18	-0,080564949
11,19	-0,080209478
11,2	-0,079855878
11,21	-0,079504136
11,22	-0,079154241
11,23	-0,078806182
11,24	-0,078459948
11,25	-0,078115528
11,26	-0,07777291
11,27	-0,077432085
11,28	-0,077093041
11,29	-0,076755766
11,3	-0,076420252
11,31	-0,076086486
11,32	-0,075754459
11,33	-0,075424159
11,34	-0,075095577
11,35	-0,074768703
11,36	-0,074443525
11,37	-0,074120034
11,38	-0,073798219
11,39	-0,073478071
11,4	-0,073159579
11,41	-0,072842734
11,42	-0,072527526
11,43	-0,072213945
11,44	-0,071901981
11,45	-0,071591625
11,46	-0,071282866
11,47	-0,070975696
11,48	-0,070670105
11,49	-0,070366084
11,5	-0,070063623
11,51	-0,069762713
11,52	-0,069463344
11,53	-0,069165509
11,54	-0,068869197
11,55	-0,068574399
11,56	-0,068281107
11,57	-0,067989312
11,58	-0,067699004
11,59	-0,067410176
11,6	-0,067122817
11,61	-0,066836921
11,62	-0,066552477
11,63	-0,066269478
11,64	-0,065987915
11,65	-0,065707779
11,66	-0,065429063
11,67	-0,065151757
11,68	-0,064875854
11,69	-0,064601345
11,7	-0,064328223
11,71	-0,064056478
11,72	-0,063786104
11,73	-0,063517091
11,74	-0,063249433
11,75	-0,06298312
11,76	-0,062718146
11,77	-0,062454503
11,78	-0,062192182
11,79	-0,061931177
11,8	-0,061671478
11,81	-0,06141308
11,82	-0,061155974
11,83	-0,060900153
11,84	-0,060645609
11,85	-0,060392335
11,86	-0,060140324
11,87	-0,059889568
11,88	-0,059640061
11,89	-0,059391794
11,9	-0,059144761
11,91	-0,058898954
11,92	-0,058654368
11,93	-0,058410994
11,94	-0,058168825
11,95	-0,057927855
11,96	-0,057688077
11,97	-0,057449484
11,98	-0,057212069
11,99	-0,056975825
12	-0,056740747
12,01	-0,056506826
12,02	-0,056274057
12,03	-0,056042433
12,04	-0,055811947
12,05	-0,055582593
12,06	-0,055354364
12,07	-0,055127255
12,08	-0,054901258
12,09	-0,054676367
12,1	-0,054452577
12,11	-0,05422988
12,12	-0,054008271
12,13	-0,053787744
12,14	-0,053568292
12,15	-0,053349909
12,16	-0,05313259
12,17	-0,052916327
12,18	-0,052701116
12,19	-0,05248695
12,2	-0,052273824
12,21	-0,052061731
12,22	-0,051850667
12,23	-0,051640624
12,24	-0,051431597
12,25	-0,051223581
12,26	-0,05101657
12,27	-0,050810558
12,28	-0,05060554
12,29	-0,05040151
12,3	-0,050198463
12,31	-0,049996392
12,32	-0,049795294
12,33	-0,049595161
12,34	-0,04939599
12,35	-0,049197774
12,36	-0,049000508
12,37	-0,048804187
12,38	-0,048608805
12,39	-0,048414359
12,4	-0,048220841
12,41	-0,048028247
12,42	-0,047836573
12,43	-0,047645812
12,44	-0,04745596
12,45	-0,047267012
12,46	-0,047078963
12,47	-0,046891807
12,48	-0,046705541
12,49	-0,046520158
12,5	-0,046335655
12,51	-0,046152026
12,52	-0,045969267
12,53	-0,045787372
12,54	-0,045606337
12,55	-0,045426158
12,56	-0,045246829
12,57	-0,045068346
12,58	-0,044890704
12,59	-0,044713899
12,6	-0,044537926
12,61	-0,044362781
12,62	-0,044188458
12,63	-0,044014955
12,64	-0,043842265
12,65	-0,043670385
12,66	-0,043499311
12,67	-0,043329037
12,68	-0,04315956
12,69	-0,042990875
12,7	-0,042822977
12,71	-0,042655864
12,72	-0,04248953
12,73	-0,042323971
12,74	-0,042159183
12,75	-0,041995162
12,76	-0,041831903
12,77	-0,041669403
12,78	-0,041507658
12,79	-0,041346663
12,8	-0,041186414
12,81	-0,041026908
12,82	-0,04086814
12,83	-0,040710106
12,84	-0,040552803
12,85	-0,040396227
12,86	-0,040240373
12,87	-0,040085237
12,88	-0,039930817
12,89	-0,039777108
12,9	-0,039624106
12,91	-0,039471807
12,92	-0,039320208
12,93	-0,039169305
12,94	-0,039019095
12,95	-0,038869573
12,96	-0,038720736
12,97	-0,038572581
12,98	-0,038425103
12,99	-0,038278299
13	-0,038132165
13,01	-0,037986699
13,02	-0,037841896
13,03	-0,037697753
13,04	-0,037554266
13,05	-0,037411432
13,06	-0,037269248
13,07	-0,03712771
13,08	-0,036986814
13,09	-0,036846558
13,1	-0,036706938
13,11	-0,03656795
13,12	-0,036429591
13,13	-0,036291858
13,14	-0,036154748
13,15	-0,036018258
13,16	-0,035882383
13,17	-0,035747121
13,18	-0,035612469
13,19	-0,035478423
13,2	-0,035344981
13,21	-0,035212139
13,22	-0,035079893
13,23	-0,034948242
13,24	-0,034817181
13,25	-0,034686709
13,26	-0,03455682
13,27	-0,034427514
13,28	-0,034298786
13,29	-0,034170633
13,3	-0,034043053
13,31	-0,033916043
13,32	-0,0337896
13,33	-0,03366372
13,34	-0,033538401
13,35	-0,03341364
13,36	-0,033289433
13,37	-0,03316578
13,38	-0,033042675
13,39	-0,032920117
13,4	-0,032798102
13,41	-0,032676628
13,42	-0,032555693
13,43	-0,032435292
13,44	-0,032315424
13,45	-0,032196086
13,46	-0,032077275
13,47	-0,031958989
13,48	-0,031841224
13,49	-0,031723978
13,5	-0,031607248
13,51	-0,031491033
13,52	-0,031375328
13,53	-0,031260132
13,54	-0,031145441
13,55	-0,031031254
13,56	-0,030917568
13,57	-0,030804379
13,58	-0,030691687
13,59	-0,030579487
13,6	-0,030467779
13,61	-0,030356558
13,62	-0,030245823
13,63	-0,030135571
13,64	-0,0300258
13,65	-0,029916507
13,66	-0,02980769
13,67	-0,029699346
13,68	-0,029591474
13,69	-0,02948407
13,7	-0,029377133
13,71	-0,029270659
13,72	-0,029164647
13,73	-0,029059095
13,74	-0,028953999
13,75	-0,028849358
13,76	-0,02874517
13,77	-0,028641431
13,78	-0,028538141
13,79	-0,028435296
13,8	-0,028332894
13,81	-0,028230934
13,82	-0,028129413
13,83	-0,028028328
13,84	-0,027927678
13,85	-0,027827461
13,86	-0,027727673
13,87	-0,027628314
13,88	-0,027529381
13,89	-0,027430871
13,9	-0,027332784
13,91	-0,027235115
13,92	-0,027137865
13,93	-0,02704103
13,94	-0,026944608
13,95	-0,026848598
13,96	-0,026752997
13,97	-0,026657803
13,98	-0,026563015
13,99	-0,02646863
14	-0,026374646
14,01	-0,026281061
14,02	-0,026187874
14,03	-0,026095082
14,04	-0,026002683
14,05	-0,025910676
14,06	-0,025819059
14,07	-0,025727829
14,08	-0,025636985
14,09	-0,025546524
14,1	-0,025456446
14,11	-0,025366748
14,12	-0,025277427
14,13	-0,025188484
14,14	-0,025099914
14,15	-0,025011718
14,16	-0,024923892
14,17	-0,024836435
14,18	-0,024749345
14,19	-0,024662621
14,2	-0,024576261
14,21	-0,024490262
14,22	-0,024404624
14,23	-0,024319343
14,24	-0,02423442
14,25	-0,024149851
14,26	-0,024065636
14,27	-0,023981772
14,28	-0,023898257
14,29	-0,023815091
14,3	-0,023732271
14,31	-0,023649796
14,32	-0,023567664
14,33	-0,023485873
14,34	-0,023404422
14,35	-0,023323309
14,36	-0,023242532
14,37	-0,02316209
14,38	-0,023081981
14,39	-0,023002204
14,4	-0,022922757
14,41	-0,022843639
14,42	-0,022764847
14,43	-0,02268638
14,44	-0,022608237
14,45	-0,022530416
14,46	-0,022452916
14,47	-0,022375735
14,48	-0,022298872
14,49	-0,022222324
14,5	-0,022146091
14,51	-0,022070171
14,52	-0,021994562
14,53	-0,021919264
14,54	-0,021844274
14,55	-0,021769591
14,56	-0,021695214
14,57	-0,021621141
14,58	-0,02154737
14,59	-0,021473901
14,6	-0,021400732
14,61	-0,021327861
14,62	-0,021255287
14,63	-0,021183009
14,64	-0,021111024
14,65	-0,021039333
14,66	-0,020967933
14,67	-0,020896823
14,68	-0,020826002
14,69	-0,020755468
14,7	-0,02068522
14,71	-0,020615257
14,72	-0,020545577
14,73	-0,020476179
14,74	-0,020407061
14,75	-0,020338223
14,76	-0,020269663
14,77	-0,020201379
14,78	-0,020133371
14,79	-0,020065636
14,8	-0,019998175
14,81	-0,019930985
14,82	-0,019864065
14,83	-0,019797415
14,84	-0,019731032
14,85	-0,019664915
14,86	-0,019599064
14,87	-0,019533476
14,88	-0,019468152
14,89	-0,019403089
14,9	-0,019338286
14,91	-0,019273742
14,92	-0,019209456
14,93	-0,019145427
14,94	-0,019081654
14,95	-0,019018134
14,96	-0,018954868
14,97	-0,018891854
14,98	-0,018829091
14,99	-0,018766577
15	-0,018704312
15,01	-0,018642294
15,02	-0,018580522
15,03	-0,018518995
15,04	-0,018457713
15,05	-0,018396673
15,06	-0,018335874
15,07	-0,018275316
15,08	-0,018214998
15,09	-0,018154918
15,1	-0,018095075
15,11	-0,018035469
15,12	-0,017976097
15,13	-0,01791696
15,14	-0,017858055
15,15	-0,017799383
15,16	-0,017740941
15,17	-0,017682729
15,18	-0,017624745
15,19	-0,01756699
15,2	-0,01750946
15,21	-0,017452157
15,22	-0,017395078
15,23	-0,017338222
15,24	-0,017281589
15,25	-0,017225178
15,26	-0,017168987
15,27	-0,017113015
15,28	-0,017057262
15,29	-0,017001726
15,3	-0,016946407
15,31	-0,016891304
15,32	-0,016836415
15,33	-0,016781739
15,34	-0,016727276
15,35	-0,016673025
15,36	-0,016618984
15,37	-0,016565154
15,38	-0,016511532
15,39	-0,016458117
15,4	-0,01640491
15,41	-0,016351909
15,42	-0,016299113
15,43	-0,01624652
15,44	-0,016194131
15,45	-0,016141945
15,46	-0,01608996
15,47	-0,016038175
15,48	-0,01598659
15,49	-0,015935203
15,5	-0,015884014
15,51	-0,015833022
15,52	-0,015782227
15,53	-0,015731626
15,54	-0,01568122
15,55	-0,015631007
15,56	-0,015580986
15,57	-0,015531157
15,58	-0,015481519
15,59	-0,015432072
15,6	-0,015382813
15,61	-0,015333742
15,62	-0,015284859
15,63	-0,015236163
15,64	-0,015187652
15,65	-0,015139326
15,66	-0,015091185
15,67	-0,015043227
15,68	-0,014995451
15,69	-0,014947857
15,7	-0,014900444
15,71	-0,014853211
15,72	-0,014806157
15,73	-0,014759282
15,74	-0,014712585
15,75	-0,014666064
15,76	-0,01461972
15,77	-0,014573551
15,78	-0,014527556
15,79	-0,014481736
15,8	-0,014436088
15,81	-0,014390613
15,82	-0,01434531
15,83	-0,014300177
15,84	-0,014255214
15,85	-0,014210421
15,86	-0,014165796
15,87	-0,014121339
15,88	-0,014077049
15,89	-0,014032926
15,9	-0,013988968
15,91	-0,013945175
15,92	-0,013901546
15,93	-0,013858081
15,94	-0,013814779
15,95	-0,013771638
15,96	-0,013728659
15,97	-0,013685841
15,98	-0,013643182
15,99	-0,013600683
16	-0,013558342
16,01	-0,013516159
16,02	-0,013474134
16,03	-0,013432265
16,04	-0,013390551
16,05	-0,013348993
16,06	-0,01330759
16,07	-0,01326634
16,08	-0,013225243
16,09	-0,013184299
16,1	-0,013143506
16,11	-0,013102865
16,12	-0,013062375
16,13	-0,013022034
16,14	-0,012981842
16,15	-0,012941799
16,16	-0,012901904
16,17	-0,012862156
16,18	-0,012822555
16,19	-0,0127831
16,2	-0,012743791
16,21	-0,012704626
16,22	-0,012665605
16,23	-0,012626728
16,24	-0,012587994
16,25	-0,012549402
16,26	-0,012510952
16,27	-0,012472643
16,28	-0,012434474
16,29	-0,012396446
16,3	-0,012358556
16,31	-0,012320806
16,32	-0,012283193
16,33	-0,012245718
16,34	-0,01220838
16,35	-0,012171179
16,36	-0,012134113
16,37	-0,012097182
16,38	-0,012060387
16,39	-0,012023725
16,4	-0,011987196
16,41	-0,011950801
16,42	-0,011914538
16,43	-0,011878406
16,44	-0,011842406
16,45	-0,011806537
16,46	-0,011770798
16,47	-0,011735188
16,48	-0,011699708
16,49	-0,011664356
16,5	-0,011629132
16,51	-0,011594035
16,52	-0,011559065
16,53	-0,011524222
16,54	-0,011489504
16,55	-0,011454912
16,56	-0,011420445
16,57	-0,011386101
16,58	-0,011351882
16,59	-0,011317785
16,6	-0,011283812
16,61	-0,01124996
16,62	-0,01121623
16,63	-0,011182622
16,64	-0,011149134
16,65	-0,011115766
16,66	-0,011082517
16,67	-0,011049388
16,68	-0,011016378
16,69	-0,010983485
16,7	-0,010950711
16,71	-0,010918053
16,72	-0,010885512
16,73	-0,010853087
16,74	-0,010820778
16,75	-0,010788585
16,76	-0,010756506
16,77	-0,010724541
16,78	-0,01069269
16,79	-0,010660952
16,8	-0,010629328
16,81	-0,010597815
16,82	-0,010566415
16,83	-0,010535126
16,84	-0,010503948
16,85	-0,01047288
16,86	-0,010441923
16,87	-0,010411075
16,88	-0,010380337
16,89	-0,010349707
16,9	-0,010319185
16,91	-0,010288772
16,92	-0,010258465
16,93	-0,010228266
16,94	-0,010198173
16,95	-0,010168187
16,96	-0,010138305
16,97	-0,010108529
16,98	-0,010078858
16,99	-0,010049291
17	-0,010019829
17,01	-0,009990469
17,02	-0,009961213
17,03	-0,009932059
17,04	-0,009903008
17,05	-0,009874058
17,06	-0,00984521
17,07	-0,009816463
17,08	-0,009787816
17,09	-0,009759269
17,1	-0,009730822
17,11	-0,009702475
17,12	-0,009674227
17,13	-0,009646077
17,14	-0,009618025
17,15	-0,009590071
17,16	-0,009562214
17,17	-0,009534454
17,18	-0,009506791
17,19	-0,009479224
17,2	-0,009451753
17,21	-0,009424377
17,22	-0,009397096
17,23	-0,009369909
17,24	-0,009342817
17,25	-0,009315819
17,26	-0,009288915
17,27	-0,009262103
17,28	-0,009235384
17,29	-0,009208757
17,3	-0,009182223
17,31	-0,00915578
17,32	-0,009129428
17,33	-0,009103167
17,34	-0,009076997
17,35	-0,009050917
17,36	-0,009024927
17,37	-0,008999026
17,38	-0,008973214
17,39	-0,008947491
17,4	-0,008921856
17,41	-0,008896309
17,42	-0,00887085
17,43	-0,008845478
17,44	-0,008820193
17,45	-0,008794995
17,46	-0,008769883
17,47	-0,008744857
17,48	-0,008719916
17,49	-0,008695061
17,5	-0,00867029
17,51	-0,008645604
17,52	-0,008621003
17,53	-0,008596485
17,54	-0,008572051
17,55	-0,0085477
17,56	-0,008523432
17,57	-0,008499246
17,58	-0,008475143
17,59	-0,008451121
17,6	-0,008427182
17,61	-0,008403323
17,62	-0,008379545
17,63	-0,008355848
17,64	-0,008332232
17,65	-0,008308695
17,66	-0,008285238
17,67	-0,00826186
17,68	-0,008238561
17,69	-0,008215342
17,7	-0,0081922
17,71	-0,008169137
17,72	-0,008146151
17,73	-0,008123243
17,74	-0,008100412
17,75	-0,008077658
17,76	-0,008054981
17,77	-0,00803238
17,78	-0,008009854
17,79	-0,007987405
17,8	-0,007965031
17,81	-0,007942732
17,82	-0,007920508
17,83	-0,007898358
17,84	-0,007876283
17,85	-0,007854282
17,86	-0,007832354
17,87	-0,007810499
17,88	-0,007788718
17,89	-0,007767009
17,9	-0,007745373
17,91	-0,00772381
17,92	-0,007702318
17,93	-0,007680897
17,94	-0,007659549
17,95	-0,007638271
17,96	-0,007617064
17,97	-0,007595928
17,98	-0,007574862
17,99	-0,007553866
18	-0,007532939
18,01	-0,007512082
18,02	-0,007491295
18,03	-0,007470576
18,04	-0,007449926
18,05	-0,007429345
18,06	-0,007408831
18,07	-0,007388385
18,08	-0,007368007
18,09	-0,007347697
18,1	-0,007327453
18,11	-0,007307277
18,12	-0,007287167
18,13	-0,007267123
18,14	-0,007247145
18,15	-0,007227233
18,16	-0,007207387
18,17	-0,007187606
18,18	-0,00716789
18,19	-0,007148239
18,2	-0,007128652
18,21	-0,00710913
18,22	-0,007089672
18,23	-0,007070277
18,24	-0,007050947
18,25	-0,007031679
18,26	-0,007012475
18,27	-0,006993333
18,28	-0,006974254
18,29	-0,006955238
18,3	-0,006936284
18,31	-0,006917391
18,32	-0,00689856
18,33	-0,006879791
18,34	-0,006861083
18,35	-0,006842436
18,36	-0,006823849
18,37	-0,006805323
18,38	-0,006786858
18,39	-0,006768452
18,4	-0,006750106
18,41	-0,00673182
18,42	-0,006713593
18,43	-0,006695426
18,44	-0,006677317
18,45	-0,006659267
18,46	-0,006641275
18,47	-0,006623342
18,48	-0,006605467
18,49	-0,006587649
18,5	-0,006569889
18,51	-0,006552187
18,52	-0,006534542
18,53	-0,006516953
18,54	-0,006499422
18,55	-0,006481947
18,56	-0,006464528
18,57	-0,006447165
18,58	-0,006429858
18,59	-0,006412607
18,6	-0,006395412
18,61	-0,006378271
18,62	-0,006361186
18,63	-0,006344156
18,64	-0,00632718
18,65	-0,006310258
18,66	-0,006293391
18,67	-0,006276578
18,68	-0,006259819
18,69	-0,006243113
18,7	-0,006226461
18,71	-0,006209862
18,72	-0,006193316
18,73	-0,006176823
18,74	-0,006160383
18,75	-0,006143995
18,76	-0,006127659
18,77	-0,006111375
18,78	-0,006095143
18,79	-0,006078963
18,8	-0,006062835
18,81	-0,006046757
18,82	-0,006030731
18,83	-0,006014756
18,84	-0,005998831
18,85	-0,005982957
18,86	-0,005967133
18,87	-0,005951359
18,88	-0,005935636
18,89	-0,005919962
18,9	-0,005904338
18,91	-0,005888763
18,92	-0,005873237
18,93	-0,005857761
18,94	-0,005842333
18,95	-0,005826954
18,96	-0,005811624
18,97	-0,005796342
18,98	-0,005781108
18,99	-0,005765922
19	-0,005750784
19,01	-0,005735694
19,02	-0,005720651
19,03	-0,005705655
19,04	-0,005690706
19,05	-0,005675805
19,06	-0,00566095
19,07	-0,005646142
19,08	-0,00563138
19,09	-0,005616664
19,1	-0,005601995
19,11	-0,005587371
19,12	-0,005572793
19,13	-0,005558261
19,14	-0,005543774
19,15	-0,005529333
19,16	-0,005514936
19,17	-0,005500585
19,18	-0,005486278
19,19	-0,005472016
19,2	-0,005457798
19,21	-0,005443625
19,22	-0,005429495
19,23	-0,00541541
19,24	-0,005401368
19,25	-0,005387371
19,26	-0,005373416
19,27	-0,005359505
19,28	-0,005345637
19,29	-0,005331812
19,3	-0,00531803
19,31	-0,005304291
19,32	-0,005290594
19,33	-0,005276939
19,34	-0,005263327
19,35	-0,005249757
19,36	-0,005236229
19,37	-0,005222743
19,38	-0,005209298
19,39	-0,005195895
19,4	-0,005182533
19,41	-0,005169212
19,42	-0,005155932
19,43	-0,005142694
19,44	-0,005129496
19,45	-0,005116338
19,46	-0,005103221
19,47	-0,005090144
19,48	-0,005077108
19,49	-0,005064111
19,5	-0,005051155
19,51	-0,005038238
19,52	-0,005025361
19,53	-0,005012523
19,54	-0,004999724
19,55	-0,004986965
19,56	-0,004974245
19,57	-0,004961563
19,58	-0,004948921
19,59	-0,004936317
19,6	-0,004923751
19,61	-0,004911224
19,62	-0,004898735
19,63	-0,004886284
19,64	-0,004873871
19,65	-0,004861496
19,66	-0,004849158
19,67	-0,004836858
19,68	-0,004824595
19,69	-0,00481237
19,7	-0,004800182
19,71	-0,004788031
19,72	-0,004775916
19,73	-0,004763839
19,74	-0,004751798
19,75	-0,004739793
19,76	-0,004727825
19,77	-0,004715893
19,78	-0,004703997
19,79	-0,004692137
19,8	-0,004680313
19,81	-0,004668525
19,82	-0,004656773
19,83	-0,004645055
19,84	-0,004633373
19,85	-0,004621727
19,86	-0,004610115
19,87	-0,004598539
19,88	-0,004586997
19,89	-0,00457549
19,9	-0,004564017
19,91	-0,004552579
19,92	-0,004541176
19,93	-0,004529806
19,94	-0,004518471
19,95	-0,00450717
19,96	-0,004495903
19,97	-0,004484669
19,98	-0,004473469
19,99	-0,004462303
20	-0,00445117
20,01	-0,00444007
20,02	-0,004429004
20,03	-0,00441797
20,04	-0,00440697
20,05	-0,004396002