r [A]	U [eV]
0,9	16,30570372
0,91	15,66318126
0,92	15,04203948
0,93	14,44161087
0,94	13,86124819
0,95	13,30032387
0,96	12,75822937
0,97	12,23437466
0,98	11,72818765
0,99	11,23911363
1	10,7666148
1,01	10,3101697
1,02	9,869272771
1,03	9,44343385
1,04	9,032177722
1,05	8,635043663
1,06	8,251585008
1,07	7,88136873
1,08	7,52397503
1,09	7,178996939
1,1	6,846039931
1,11	6,524721553
1,12	6,214671059
1,13	5,915529058
1,14	5,626947174
1,15	5,348587714
1,16	5,080123346
1,17	4,821236789
1,18	4,571620505
1,19	4,330976414
1,2	4,099015602
1,21	3,875458047
1,22	3,660032352
1,23	3,452475485
1,24	3,252532523
1,25	3,059956412
1,26	2,874507728
1,27	2,695954444
1,28	2,524071711
1,29	2,358641638
1,3	2,199453082
1,31	2,046301445
1,32	1,898988474
1,33	1,757322075
1,34	1,621116116
1,35	1,490190258
1,36	1,36436977
1,37	1,243485366
1,38	1,127373036
1,39	1,015873887
1,4	0,908833988
1,41	0,806104219
1,42	0,707540126
1,43	0,613001778
1,44	0,522353628
1,45	0,435464386
1,46	0,35220688
1,47	0,272457941
1,48	0,196098272
1,49	0,123012335
1,5	0,053088238
1,51	-0,013782383
1,52	-0,077704463
1,53	-0,138779621
1,54	-0,197106253
1,55	-0,252779638
1,56	-0,305892029
1,57	-0,356532746
1,58	-0,404788266
1,59	-0,450742311
1,6	-0,494475933
1,61	-0,536067591
1,62	-0,575593237
1,63	-0,613126389
1,64	-0,648738206
1,65	-0,682497564
1,66	-0,71447112
1,67	-0,744723386
1,68	-0,773316791
1,69	-0,800311748
1,7	-0,825766715
1,71	-0,849738254
1,72	-0,872281094
1,73	-0,89344818
1,74	-0,913290737
1,75	-0,931858315
1,76	-0,949198847
1,77	-0,965358696
1,78	-0,980382705
1,79	-0,994314243
1,8	-1,007195251
1,81	-1,019066288
1,82	-1,029966572
1,83	-1,039934021
1,84	-1,049005297
1,85	-1,057215843
1,86	-1,06459992
1,87	-1,071190646
1,88	-1,07702003
1,89	-1,082119008
1,9	-1,086517477
1,91	-1,090244325
1,92	-1,093327465
1,93	-1,095793866
1,94	-1,09766958
1,95	-1,098979773
1,96	-1,099748755
1,97	-1,1
1,98	-1,09975618
1,99	-1,099039187
2	-1,097870156
2,01	-1,096269493
2,02	-1,094256896
2,03	-1,091851375
2,04	-1,089071279
2,05	-1,085934314
2,06	-1,082457562
2,07	-1,078657505
2,08	-1,074550042
2,09	-1,070150506
2,1	-1,065473686
2,11	-1,060533839
2,12	-1,055344714
2,13	-1,049919563
2,14	-1,044271159
2,15	-1,03841181
2,16	-1,032353377
2,17	-1,026107286
2,18	-1,019684542
2,19	-1,013095746
2,2	-1,006351102
2,21	-0,999460436
2,22	-0,992433205
2,23	-0,985278511
2,24	-0,978005111
2,25	-0,970621428
2,26	-0,963135563
2,27	-0,955555308
2,28	-0,94788815
2,29	-0,940141287
2,3	-0,932321636
2,31	-0,924435839
2,32	-0,916490278
2,33	-0,908491077
2,34	-0,900444117
2,35	-0,892355041
2,36	-0,884229261
2,37	-0,876071966
2,38	-0,867888134
2,39	-0,859682533
2,4	-0,851459731
2,41	-0,843224104
2,42	-0,834979839
2,43	-0,826730944
2,44	-0,818481252
2,45	-0,810234429
2,46	-0,801993976
2,47	-0,79376324
2,48	-0,785545414
2,49	-0,777343547
2,5	-0,769160544
2,51	-0,760999177
2,52	-0,752862084
2,53	-0,744751778
2,54	-0,736670649
2,55	-0,728620968
2,56	-0,720604894
2,57	-0,712624474
2,58	-0,704681653
2,59	-0,696778269
2,6	-0,688916066
2,61	-0,681096691
2,62	-0,673321699
2,63	-0,665592559
2,64	-0,657910654
2,65	-0,650277286
2,66	-0,642693678
2,67	-0,635160977
2,68	-0,627680257
2,69	-0,620252523
2,7	-0,612878712
2,71	-0,605559695
2,72	-0,598296281
2,73	-0,591089221
2,74	-0,583939204
2,75	-0,576846869
2,76	-0,569812796
2,77	-0,562837518
2,78	-0,555921516
2,79	-0,549065225
2,8	-0,542269035
2,81	-0,535533291
2,82	-0,528858297
2,83	-0,522244318
2,84	-0,515691579
2,85	-0,509200268
2,86	-0,502770538
2,87	-0,496402509
2,88	-0,490096269
2,89	-0,483851872
2,9	-0,477669345
2,91	-0,471548686
2,92	-0,465489866
2,93	-0,45949283
2,94	-0,453557498
2,95	-0,447683766
2,96	-0,441871508
2,97	-0,436120577
2,98	-0,430430805
2,99	-0,424802003
3	-0,419233967
3,01	-0,413726471
3,02	-0,408279276
3,03	-0,402892125
3,04	-0,397564746
3,05	-0,392296853
3,06	-0,387088147
3,07	-0,381938315
3,08	-0,376847032
3,09	-0,371813962
3,1	-0,366838759
3,11	-0,361921065
3,12	-0,357060514
3,13	-0,352256729
3,14	-0,347509327
3,15	-0,342817916
3,16	-0,338182095
3,17	-0,333601459
3,18	-0,329075596
3,19	-0,324604085
3,2	-0,320186504
3,21	-0,315822422
3,22	-0,311511407
3,23	-0,307253019
3,24	-0,303046817
3,25	-0,298892355
3,26	-0,294789185
3,27	-0,290736855
3,28	-0,286734911
3,29	-0,282782896
3,3	-0,278880354
3,31	-0,275026823
3,32	-0,271221843
3,33	-0,267464952
3,34	-0,263755686
3,35	-0,260093583
3,36	-0,256478178
3,37	-0,252909008
3,38	-0,249385607
3,39	-0,245907514
3,4	-0,242474264
3,41	-0,239085394
3,42	-0,235740444
3,43	-0,232438952
3,44	-0,22918046
3,45	-0,225964507
3,46	-0,222790638
3,47	-0,219658398
3,48	-0,216567332
3,49	-0,21351699
3,5	-0,210506921
3,51	-0,207536678
3,52	-0,204605815
3,53	-0,201713889
3,54	-0,198860459
3,55	-0,196045087
3,56	-0,193267337
3,57	-0,190526775
3,58	-0,187822972
3,59	-0,185155499
3,6	-0,182523932
3,61	-0,179927848
3,62	-0,177366829
3,63	-0,174840458
3,64	-0,172348322
3,65	-0,169890012
3,66	-0,16746512
3,67	-0,165073244
3,68	-0,162713983
3,69	-0,160386939
3,7	-0,15809172
3,71	-0,155827934
3,72	-0,153595195
3,73	-0,151393119
3,74	-0,149221326
3,75	-0,147079438
3,76	-0,144967082
3,77	-0,142883889
3,78	-0,140829491
3,79	-0,138803526
3,8	-0,136805633
3,81	-0,134835458
3,82	-0,132892646
3,83	-0,130976849
3,84	-0,12908772
3,85	-0,127224919
3,86	-0,125388105
3,87	-0,123576944
3,88	-0,121791104
3,89	-0,120030255
3,9	-0,118294075
3,91	-0,11658224
3,92	-0,114894433
3,93	-0,113230339
3,94	-0,111589648
3,95	-0,10997205
3,96	-0,108377242
3,97	-0,106804923
3,98	-0,105254795
3,99	-0,103726563
4	-0,102219937
4,01	-0,100734628
4,02	-0,099270352
4,03	-0,097826829
4,04	-0,09640378
4,05	-0,095000929
4,06	-0,093618007
4,07	-0,092254744
4,08	-0,090910875
4,09	-0,089586138
4,1	-0,088280274
4,11	-0,086993027
4,12	-0,085724145
4,13	-0,084473377
4,14	-0,083240478
4,15	-0,082025202
4,16	-0,08082731
4,17	-0,079646563
4,18	-0,078482727
4,19	-0,07733557
4,2	-0,076204862
4,21	-0,075090378
4,22	-0,073991893
4,23	-0,072909187
4,24	-0,071842042
4,25	-0,070790243
4,26	-0,069753578
4,27	-0,068731836
4,28	-0,067724811
4,29	-0,066732298
4,3	-0,065754095
4,31	-0,064790004
4,32	-0,063839826
4,33	-0,062903369
4,34	-0,06198044
4,35	-0,061070851
4,36	-0,060174414
4,37	-0,059290945
4,38	-0,058420263
4,39	-0,057562187
4,4	-0,056716541
4,41	-0,05588315
4,42	-0,055061841
4,43	-0,054252444
4,44	-0,05345479
4,45	-0,052668716
4,46	-0,051894055
4,47	-0,051130648
4,48	-0,050378335
4,49	-0,049636958
4,5	-0,048906364
4,51	-0,048186398
4,52	-0,04747691
4,53	-0,046777751
4,54	-0,046088774
4,55	-0,045409834
4,56	-0,044740789
4,57	-0,044081497
4,58	-0,043431819
4,59	-0,042791618
4,6	-0,042160759
4,61	-0,041539109
4,62	-0,040926535
4,63	-0,040322908
4,64	-0,039728099
4,65	-0,039141983
4,66	-0,038564435
4,67	-0,037995331
4,68	-0,037434551
4,69	-0,036881976
4,7	-0,036337487
4,71	-0,035800967
4,72	-0,035272304
4,73	-0,034751382
4,74	-0,034238092
4,75	-0,033732323
4,76	-0,033233966
4,77	-0,032742915
4,78	-0,032259064
4,79	-0,03178231
4,8	-0,03131255
4,81	-0,030849682
4,82	-0,030393608
4,83	-0,029944228
4,84	-0,029501447
4,85	-0,029065168
4,86	-0,028635298
4,87	-0,028211743
4,88	-0,027794413
4,89	-0,027383216
4,9	-0,026978064
4,91	-0,026578869
4,92	-0,026185545
4,93	-0,025798006
4,94	-0,025416169
4,95	-0,02503995
4,96	-0,024669268
4,97	-0,024304042
4,98	-0,023944193
4,99	-0,023589642
5	-0,023240313
5,01	-0,02289613
5,02	-0,022557016
5,03	-0,0222229
5,04	-0,021893707
5,05	-0,021569366
5,06	-0,021249806
5,07	-0,020934958
5,08	-0,020624752
5,09	-0,02031912
5,1	-0,020017997
5,11	-0,019721316
5,12	-0,019429012
5,13	-0,019141021
5,14	-0,018857281
5,15	-0,018577728
5,16	-0,018302302
5,17	-0,018030942
5,18	-0,017763589
5,19	-0,017500184
5,2	-0,017240669
5,21	-0,016984988
5,22	-0,016733083
5,23	-0,0164849
5,24	-0,016240385
5,25	-0,015999483
5,26	-0,015762141
5,27	-0,015528307
5,28	-0,015297931
5,29	-0,01507096
5,3	-0,014847345
5,31	-0,014627036
5,32	-0,014409986
5,33	-0,014196146
5,34	-0,013985469
5,35	-0,013777909
5,36	-0,013573419
5,37	-0,013371955
5,38	-0,013173472
5,39	-0,012977927
5,4	-0,012785275
5,41	-0,012595475
5,42	-0,012408485
5,43	-0,012224263
5,44	-0,012042768
5,45	-0,011863961
5,46	-0,011687801
5,47	-0,01151425
5,48	-0,01134327
5,49	-0,011174822
5,5	-0,011008869
5,51	-0,010845374
5,52	-0,010684301
5,53	-0,010525615
5,54	-0,01036928
5,55	-0,010215262
5,56	-0,010063526
5,57	-0,009914039
5,58	-0,009766767
5,59	-0,009621678
5,6	-0,00947874
5,61	-0,009337921
5,62	-0,009199189
5,63	-0,009062514
5,64	-0,008927866
5,65	-0,008795214
5,66	-0,008664529
5,67	-0,008535782
5,68	-0,008408945
5,69	-0,008283989
5,7	-0,008160886
5,71	-0,008039609
5,72	-0,007920131
5,73	-0,007802425
5,74	-0,007686466
5,75	-0,007572227
5,76	-0,007459683
5,77	-0,007348809
5,78	-0,00723958
5,79	-0,007131972
5,8	-0,007025961
5,81	-0,006921523
5,82	-0,006818635
5,83	-0,006717274
5,84	-0,006617418
5,85	-0,006519044
5,86	-0,00642213
5,87	-0,006326655
5,88	-0,006232597
5,89	-0,006139936
5,9	-0,00604865
5,91	-0,00595872
5,92	-0,005870124
5,93	-0,005782845
5,94	-0,005696861
5,95	-0,005612155
5,96	-0,005528706
5,97	-0,005446496
5,98	-0,005365508
5,99	-0,005285722
6	-0,005207121
6,01	-0,005129688
6,02	-0,005053404
6,03	-0,004978254
6,04	-0,004904221
6,05	-0,004831287
6,06	-0,004759436
6,07	-0,004688653
6,08	-0,004618921
6,09	-0,004550226
6,1	-0,004482551
6,11	-0,004415882
6,12	-0,004350203
6,13	-0,0042855
6,14	-0,004221759
6,15	-0,004158964
6,16	-0,004097103
6,17	-0,004036161
6,18	-0,003976125
6,19	-0,003916981
6,2	-0,003858716
6,21	-0,003801317
6,22	-0,003744771
6,23	-0,003689065
6,24	-0,003634188
6,25	-0,003580126
6,26	-0,003526868
6,27	-0,003474401
6,28	-0,003422714
6,29	-0,003371796
6,3	-0,003321634
6,31	-0,003272218
6,32	-0,003223537
6,33	-0,003175579
6,34	-0,003128335
6,35	-0,003081793
6,36	-0,003035943
6,37	-0,002990774
6,38	-0,002946277
6,39	-0,002902442
6,4	-0,002859258
6,41	-0,002816717
6,42	-0,002774808
6,43	-0,002733522
6,44	-0,00269285
6,45	-0,002652783
6,46	-0,002613311
6,47	-0,002574427
6,48	-0,002536121
6,49	-0,002498385
6,5	-0,002461209
6,51	-0,002424587
6,52	-0,002388509
6,53	-0,002352968
6,54	-0,002317955
6,55	-0,002283463
6,56	-0,002249484
6,57	-0,002216011
6,58	-0,002183035
6,59	-0,00215055
6,6	-0,002118548
6,61	-0,002087022
6,62	-0,002055964
6,63	-0,002025369
6,64	-0,001995229
6,65	-0,001965537
6,66	-0,001936287
6,67	-0,001907472
6,68	-0,001879086
6,69	-0,001851121
6,7	-0,001823573
6,71	-0,001796435
6,72	-0,0017697
6,73	-0,001743363
6,74	-0,001717418
6,75	-0,001691859
6,76	-0,00166668
6,77	-0,001641876
6,78	-0,00161744
6,79	-0,001593368
6,8	-0,001569655
6,81	-0,001546294
6,82	-0,001523281
6,83	-0,00150061
6,84	-0,001478276
6,85	-0,001456275
6,86	-0,001434601
6,87	-0,001413249
6,88	-0,001392215
6,89	-0,001371494
6,9	-0,001351082
6,91	-0,001330973
6,92	-0,001311163
6,93	-0,001291648
6,94	-0,001272423
6,95	-0,001253485
6,96	-0,001234828
6,97	-0,001216449
6,98	-0,001198343
6,99	-0,001180507
7	-0,001162936
7,01	-0,001145627
7,02	-0,001128575
7,03	-0,001111777
7,04	-0,001095229
7,05	-0,001078927
7,06	-0,001062868
7,07	-0,001047048
7,08	-0,001031463
7,09	-0,00101611
7,1	-0,001000986
7,11	-0,000986086
7,12	-0,000971408
7,13	-0,000956949
7,14	-0,000942705
7,15	-0,000928673
7,16	-0,00091485
7,17	-0,000901232
7,18	-0,000887817
7,19	-0,000874602
7,2	-0,000861584
7,21	-0,000848759
7,22	-0,000836125
7,23	-0,000823679
7,24	-0,000811418
7,25	-0,00079934
7,26	-0,000787441
7,27	-0,00077572
7,28	-0,000764173
7,29	-0,000752798
7,3	-0,000741592
7,31	-0,000730553
7,32	-0,000719678
7,33	-0,000708965
7,34	-0,000698412
7,35	-0,000688016
7,36	-0,000677774
7,37	-0,000667685
7,38	-0,000657746
7,39	-0,000647955
7,4	-0,000638309
7,41	-0,000628807
7,42	-0,000619447
7,43	-0,000610226
7,44	-0,000601142
7,45	-0,000592193
7,46	-0,000583378
7,47	-0,000574694
7,48	-0,000566139
7,49	-0,000557711
7,5	-0,000549409
7,51	-0,00054123
7,52	-0,000533173
7,53	-0,000525236
7,54	-0,000517418
7,55	-0,000509715
7,56	-0,000502127
7,57	-0,000494652
7,58	-0,000487289
7,59	-0,000480035
7,6	-0,000472889
7,61	-0,000465849
7,62	-0,000458914
7,63	-0,000452083
7,64	-0,000445353
7,65	-0,000438723
7,66	-0,000432192
7,67	-0,000425758
7,68	-0,00041942
7,69	-0,000413176
7,7	-0,000407025
7,71	-0,000400966
7,72	-0,000394997
7,73	-0,000389117
7,74	-0,000383324
7,75	-0,000377618
7,76	-0,000371996
7,77	-0,000366458
7,78	-0,000361003
7,79	-0,000355629
7,8	-0,000350334
7,81	-0,000345119
7,82	-0,000339981
7,83	-0,00033492
7,84	-0,000329934
7,85	-0,000325022
7,86	-0,000320184
7,87	-0,000315417
7,88	-0,000310722
7,89	-0,000306096
7,9	-0,000301539
7,91	-0,00029705
7,92	-0,000292628
7,93	-0,000288271
7,94	-0,00028398
7,95	-0,000279752
7,96	-0,000275588
7,97	-0,000271485
7,98	-0,000267443
7,99	-0,000263462
8	-0,00025954
8,01	-0,000255676
8,02	-0,000251869
8,03	-0,00024812
8,04	-0,000244426
8,05	-0,000240787
8,06	-0,000237202
8,07	-0,000233671
8,08	-0,000230192
8,09	-0,000226765
8,1	-0,00022339
8,11	-0,000220064
8,12	-0,000216788
8,13	-0,00021356
8,14	-0,000210381
8,15	-0,000207249
8,16	-0,000204164
8,17	-0,000201124
8,18	-0,00019813
8,19	-0,00019518
8,2	-0,000192275
8,21	-0,000189412
8,22	-0,000186592
8,23	-0,000183814
8,24	-0,000181078
8,25	-0,000178382
8,26	-0,000175726
8,27	-0,00017311
8,28	-0,000170533
8,29	-0,000167994
8,3	-0,000165493
8,31	-0,000163029
8,32	-0,000160602
8,33	-0,000158211
8,34	-0,000155856
8,35	-0,000153536
8,36	-0,00015125
8,37	-0,000148998
8,38	-0,00014678
8,39	-0,000144595
8,4	-0,000142442
8,41	-0,000140321
8,42	-0,000138232
8,43	-0,000136174
8,44	-0,000134147
8,45	-0,00013215
8,46	-0,000130183
8,47	-0,000128245
8,48	-0,000126335
8,49	-0,000124454
8,5	-0,000122602
8,51	-0,000120776
8,52	-0,000118978
8,53	-0,000117207
8,54	-0,000115462
8,55	-0,000113743
8,56	-0,00011205
8,57	-0,000110382
8,58	-0,000108738
8,59	-0,000107119
8,6	-0,000105525
8,61	-0,000103954
8,62	-0,000102406
8,63	-0,000100881
8,64	-9,93794E-05
8,65	-9,78999E-05
8,66	-9,64424E-05
8,67	-9,50066E-05
8,68	-9,35922E-05
8,69	-9,21988E-05
8,7	-9,08262E-05
8,71	-8,9474E-05
8,72	-8,81419E-05
8,73	-8,68297E-05
8,74	-8,5537E-05
8,75	-8,42635E-05
8,76	-8,3009E-05
8,77	-8,17732E-05
8,78	-8,05558E-05
8,79	-7,93565E-05
8,8	-7,8175E-05
8,81	-7,70112E-05
8,82	-7,58646E-05
8,83	-7,47352E-05
8,84	-7,36225E-05
8,85	-7,25265E-05
8,86	-7,14467E-05
8,87	-7,0383E-05
8,88	-6,93352E-05
8,89	-6,83029E-05
8,9	-6,7286E-05
8,91	-6,62843E-05
8,92	-6,52975E-05
8,93	-6,43253E-05
8,94	-6,33677E-05
8,95	-6,24242E-05
8,96	-6,14949E-05
8,97	-6,05794E-05
8,98	-5,96775E-05
8,99	-5,8789E-05
9	-5,79137E-05
9,01	-5,70515E-05
9,02	-5,62022E-05
9,03	-5,53654E-05
9,04	-5,45412E-05
9,05	-5,37292E-05
9,06	-5,29292E-05
9,07	-5,21412E-05
9,08	-5,1365E-05
9,09	-5,06002E-05
9,1	-4,98469E-05
9,11	-4,91048E-05
9,12	-4,83737E-05
9,13	-4,76535E-05
9,14	-4,69441E-05
9,15	-4,62452E-05
9,16	-4,55567E-05
9,17	-4,48784E-05
9,18	-4,42103E-05
9,19	-4,35521E-05
9,2	-4,29037E-05
9,21	-4,2265E-05
9,22	-4,16357E-05
9,23	-4,10159E-05
9,24	-4,04052E-05
9,25	-3,98037E-05
9,26	-3,92111E-05
9,27	-3,86273E-05
9,28	-3,80522E-05
9,29	-3,74857E-05
9,3	-3,69276E-05
9,31	-3,63778E-05
9,32	-3,58362E-05
9,33	-3,53027E-05
9,34	-3,47771E-05
9,35	-3,42594E-05
9,36	-3,37493E-05
9,37	-3,32469E-05
9,38	-3,27519E-05
9,39	-3,22643E-05
9,4	-3,17839E-05
9,41	-3,13107E-05
9,42	-3,08446E-05
9,43	-3,03854E-05
9,44	-2,9933E-05
9,45	-2,94873E-05
9,46	-2,90483E-05
9,47	-2,86159E-05
9,48	-2,81898E-05
9,49	-2,77701E-05
9,5	-2,73567E-05
9,51	-2,69494E-05
9,52	-2,65482E-05
9,53	-2,61529E-05
9,54	-2,57636E-05
9,55	-2,538E-05
9,56	-2,50022E-05
9,57	-2,46299E-05
9,58	-2,42632E-05
9,59	-2,3902E-05
9,6	-2,35462E-05
9,61	-2,31956E-05
9,62	-2,28503E-05
9,63	-2,25101E-05
9,64	-2,21749E-05
9,65	-2,18448E-05
9,66	-2,15196E-05
9,67	-2,11992E-05
9,68	-2,08836E-05
9,69	-2,05727E-05
9,7	-2,02664E-05
9,71	-1,99647E-05
9,72	-1,96674E-05
9,73	-1,93746E-05
9,74	-1,90862E-05
9,75	-1,8802E-05
9,76	-1,85221E-05
9,77	-1,82463E-05
9,78	-1,79747E-05
9,79	-1,77071E-05
9,8	-1,74434E-05
9,81	-1,71837E-05
9,82	-1,69279E-05
9,83	-1,66759E-05
9,84	-1,64276E-05
9,85	-1,6183E-05
9,86	-1,59421E-05
9,87	-1,57048E-05
9,88	-1,5471E-05
9,89	-1,52406E-05
9,9	-1,50137E-05
9,91	-1,47902E-05
9,92	-1,457E-05
9,93	-1,43531E-05
9,94	-1,41394E-05
9,95	-1,39289E-05
9,96	-1,37215E-05
9,97	-1,35172E-05
9,98	-1,3316E-05
9,99	-1,31177E-05
10	-1,29224E-05
10,01	-1,273E-05
10,02	-1,25405E-05
10,03	-1,23538E-05
10,04	-1,21699E-05
10,05	-1,19887E-05
10,06	-1,18102E-05
10,07	-1,16344E-05
10,08	-1,14612E-05
10,09	-1,12905E-05
10,1	-1,11224E-05
10,11	-1,09569E-05
10,12	-1,07937E-05
10,13	-1,0633E-05
10,14	-1,04747E-05
10,15	-1,03188E-05
10,16	-1,01652E-05
10,17	-1,00138E-05
10,18	-9,86473E-06
10,19	-9,71786E-06
10,2	-9,57318E-06
10,21	-9,43066E-06
10,22	-9,29025E-06
10,23	-9,15194E-06
10,24	-9,01569E-06
10,25	-8,88146E-06
10,26	-8,74923E-06
10,27	-8,61897E-06
10,28	-8,49065E-06
10,29	-8,36424E-06
10,3	-8,23972E-06
10,31	-8,11704E-06
10,32	-7,9962E-06
10,33	-7,87715E-06
10,34	-7,75987E-06
10,35	-7,64435E-06
10,36	-7,53054E-06
10,37	-7,41842E-06
10,38	-7,30798E-06
10,39	-7,19917E-06
10,4	-7,09199E-06
10,41	-6,98641E-06
10,42	-6,88239E-06
10,43	-6,77993E-06
10,44	-6,67899E-06
10,45	-6,57955E-06
10,46	-6,48159E-06
10,47	-6,3851E-06
10,48	-6,29003E-06
10,49	-6,19639E-06
10,5	-6,10414E-06
10,51	-6,01326E-06
10,52	-5,92373E-06
10,53	-5,83554E-06
10,54	-5,74866E-06
10,55	-5,66307E-06
10,56	-5,57876E-06
10,57	-5,4957E-06
10,58	-5,41388E-06
10,59	-5,33328E-06
10,6	-5,25388E-06
10,61	-5,17566E-06
10,62	-5,0986E-06
10,63	-5,0227E-06
10,64	-4,94792E-06
10,65	-4,87425E-06
10,66	-4,80168E-06
10,67	-4,7302E-06
10,68	-4,65977E-06
10,69	-4,5904E-06
10,7	-4,52206E-06
10,71	-4,45473E-06
10,72	-4,38841E-06
10,73	-4,32307E-06
10,74	-4,25871E-06
10,75	-4,19531E-06
10,76	-4,13285E-06
10,77	-4,07132E-06
10,78	-4,0107E-06
10,79	-3,95099E-06
10,8	-3,89217E-06
10,81	-3,83422E-06
10,82	-3,77714E-06
10,83	-3,72091E-06
10,84	-3,66551E-06
10,85	-3,61094E-06
10,86	-3,55718E-06
10,87	-3,50422E-06
10,88	-3,45205E-06
10,89	-3,40065E-06
10,9	-3,35002E-06
10,91	-3,30015E-06
10,92	-3,25101E-06
10,93	-3,20261E-06
10,94	-3,15493E-06
10,95	-3,10796E-06
10,96	-3,06169E-06
10,97	-3,01611E-06
10,98	-2,9712E-06
10,99	-2,92697E-06
11	-2,88339E-06
11,01	-2,84046E-06
11,02	-2,79817E-06
11,03	-2,75652E-06
11,04	-2,71548E-06
11,05	-2,67505E-06
11,06	-2,63522E-06
11,07	-2,59599E-06
11,08	-2,55734E-06
11,09	-2,51927E-06
11,1	-2,48176E-06
11,11	-2,44481E-06
11,12	-2,40841E-06
11,13	-2,37255E-06
11,14	-2,33723E-06
11,15	-2,30244E-06
11,16	-2,26816E-06
11,17	-2,23439E-06
11,18	-2,20112E-06
11,19	-2,16835E-06
11,2	-2,13607E-06
11,21	-2,10427E-06
11,22	-2,07294E-06
11,23	-2,04208E-06
11,24	-2,01167E-06
11,25	-1,98172E-06
11,26	-1,95222E-06
11,27	-1,92316E-06
11,28	-1,89452E-06
11,29	-1,86632E-06
11,3	-1,83853E-06
11,31	-1,81116E-06
11,32	-1,7842E-06
11,33	-1,75763E-06
11,34	-1,73146E-06
11,35	-1,70569E-06
11,36	-1,68029E-06
11,37	-1,65528E-06
11,38	-1,63063E-06
11,39	-1,60635E-06
11,4	-1,58244E-06
11,41	-1,55888E-06
11,42	-1,53567E-06
11,43	-1,51281E-06
11,44	-1,49029E-06
11,45	-1,4681E-06
11,46	-1,44624E-06
11,47	-1,42471E-06
11,48	-1,4035E-06
11,49	-1,3826E-06
11,5	-1,36202E-06
11,51	-1,34174E-06
11,52	-1,32176E-06
11,53	-1,30209E-06
11,54	-1,2827E-06
11,55	-1,2636E-06
11,56	-1,24479E-06
11,57	-1,22626E-06
11,58	-1,208E-06
11,59	-1,19002E-06
11,6	-1,1723E-06
11,61	-1,15485E-06
11,62	-1,13765E-06
11,63	-1,12072E-06
11,64	-1,10403E-06
11,65	-1,08759E-06
11,66	-1,0714E-06
11,67	-1,05545E-06
11,68	-1,03974E-06
11,69	-1,02426E-06
11,7	-1,00901E-06
11,71	-9,93986E-07
11,72	-9,79187E-07
11,73	-9,64609E-07
11,74	-9,50248E-07
11,75	-9,36101E-07
11,76	-9,22164E-07
11,77	-9,08435E-07
11,78	-8,9491E-07
11,79	-8,81586E-07
11,8	-8,68461E-07
11,81	-8,55532E-07
11,82	-8,42794E-07
11,83	-8,30247E-07
11,84	-8,17886E-07
11,85	-8,05709E-07
11,86	-7,93714E-07
11,87	-7,81897E-07
11,88	-7,70256E-07
11,89	-7,58788E-07
11,9	-7,47492E-07
11,91	-7,36363E-07
11,92	-7,254E-07
11,93	-7,146E-07
11,94	-7,03961E-07
11,95	-6,9348E-07
11,96	-6,83156E-07
11,97	-6,72985E-07
11,98	-6,62966E-07
11,99	-6,53095E-07
12	-6,43372E-07
12,01	-6,33793E-07
12,02	-6,24357E-07
12,03	-6,15062E-07
12,04	-6,05905E-07
12,05	-5,96884E-07
12,06	-5,87998E-07
12,07	-5,79244E-07
12,08	-5,7062E-07
12,09	-5,62124E-07
12,1	-5,53755E-07
12,11	-5,45511E-07
12,12	-5,37389E-07
12,13	-5,29389E-07
12,14	-5,21507E-07
12,15	-5,13743E-07
12,16	-5,06094E-07
12,17	-4,9856E-07
12,18	-4,91137E-07
12,19	-4,83825E-07
12,2	-4,76622E-07
12,21	-4,69526E-07
12,22	-4,62535E-07
12,23	-4,55649E-07
12,24	-4,48865E-07
12,25	-4,42183E-07
12,26	-4,35599E-07
12,27	-4,29114E-07
12,28	-4,22726E-07
12,29	-4,16432E-07
12,3	-4,10232E-07
12,31	-4,04125E-07
12,32	-3,98108E-07
12,33	-3,92181E-07
12,34	-3,86342E-07
12,35	-3,8059E-07
12,36	-3,74924E-07
12,37	-3,69342E-07
12,38	-3,63843E-07
12,39	-3,58426E-07
12,4	-3,5309E-07
12,41	-3,47833E-07
12,42	-3,42655E-07
12,43	-3,37553E-07
12,44	-3,32528E-07
12,45	-3,27577E-07
12,46	-3,227E-07
12,47	-3,17896E-07
12,48	-3,13163E-07
12,49	-3,085E-07
12,5	-3,03907E-07
12,51	-2,99383E-07
12,52	-2,94926E-07
12,53	-2,90535E-07
12,54	-2,86209E-07
12,55	-2,81948E-07
12,56	-2,7775E-07
12,57	-2,73615E-07
12,58	-2,69542E-07
12,59	-2,65529E-07
12,6	-2,61576E-07
12,61	-2,57681E-07
12,62	-2,53845E-07
12,63	-2,50066E-07
12,64	-2,46343E-07
12,65	-2,42675E-07
12,66	-2,39062E-07
12,67	-2,35503E-07
12,68	-2,31997E-07
12,69	-2,28543E-07
12,7	-2,2514E-07
12,71	-2,21788E-07
12,72	-2,18486E-07
12,73	-2,15233E-07
12,74	-2,12029E-07
12,75	-2,08872E-07
12,76	-2,05763E-07
12,77	-2,02699E-07
12,78	-1,99681E-07
12,79	-1,96709E-07
12,8	-1,9378E-07
12,81	-1,90895E-07
12,82	-1,88053E-07
12,83	-1,85253E-07
12,84	-1,82495E-07
12,85	-1,79778E-07
12,86	-1,77102E-07
12,87	-1,74465E-07
12,88	-1,71867E-07
12,89	-1,69309E-07
12,9	-1,66788E-07
12,91	-1,64305E-07
12,92	-1,61859E-07
12,93	-1,59449E-07
12,94	-1,57075E-07
12,95	-1,54736E-07
12,96	-1,52433E-07
12,97	-1,50163E-07
12,98	-1,47928E-07
12,99	-1,45725E-07
13	-1,43556E-07
13,01	-1,41418E-07
13,02	-1,39313E-07
13,03	-1,37239E-07
13,04	-1,35196E-07
13,05	-1,33183E-07
13,06	-1,312E-07
13,07	-1,29247E-07
13,08	-1,27322E-07
13,09	-1,25427E-07
13,1	-1,2356E-07
13,11	-1,2172E-07
13,12	-1,19908E-07
13,13	-1,18123E-07
13,14	-1,16364E-07
13,15	-1,14632E-07
13,16	-1,12925E-07
13,17	-1,11244E-07
13,18	-1,09587E-07
13,19	-1,07956E-07
13,2	-1,06349E-07
13,21	-1,04765E-07
13,22	-1,03206E-07
13,23	-1,01669E-07
13,24	-1,00155E-07
13,25	-9,86643E-08
13,26	-9,71954E-08
13,27	-9,57483E-08
13,28	-9,43228E-08
13,29	-9,29185E-08
13,3	-9,15352E-08
13,31	-9,01724E-08
13,32	-8,88299E-08
13,33	-8,75074E-08
13,34	-8,62046E-08
13,35	-8,49211E-08
13,36	-8,36568E-08
13,37	-8,24114E-08
13,38	-8,11844E-08
13,39	-7,99757E-08
13,4	-7,8785E-08
13,41	-7,76121E-08
13,42	-7,64566E-08
13,43	-7,53183E-08
13,44	-7,4197E-08
13,45	-7,30923E-08
13,46	-7,20041E-08
13,47	-7,09321E-08
13,48	-6,98761E-08
13,49	-6,88357E-08
13,5	-6,78109E-08
13,51	-6,68013E-08
13,52	-6,58068E-08
13,53	-6,48271E-08
13,54	-6,38619E-08
13,55	-6,29111E-08
13,56	-6,19745E-08
13,57	-6,10518E-08
13,58	-6,01429E-08
13,59	-5,92475E-08
13,6	-5,83654E-08
13,61	-5,74964E-08
13,62	-5,66404E-08
13,63	-5,57972E-08
13,64	-5,49665E-08
13,65	-5,41481E-08
13,66	-5,3342E-08
13,67	-5,25478E-08
13,68	-5,17655E-08
13,69	-5,09948E-08
13,7	-5,02356E-08
13,71	-4,94877E-08
13,72	-4,87509E-08
13,73	-4,80251E-08
13,74	-4,73101E-08
13,75	-4,66057E-08
13,76	-4,59118E-08
13,77	-4,52283E-08
13,78	-4,45549E-08
13,79	-4,38916E-08
13,8	-4,32381E-08
13,81	-4,25944E-08
13,82	-4,19603E-08
13,83	-4,13356E-08
13,84	-4,07202E-08
13,85	-4,01139E-08
13,86	-3,95167E-08
13,87	-3,89284E-08
13,88	-3,83488E-08
13,89	-3,77779E-08
13,9	-3,72154E-08
13,91	-3,66614E-08
13,92	-3,61155E-08
13,93	-3,55778E-08
13,94	-3,50482E-08
13,95	-3,45264E-08
13,96	-3,40123E-08
13,97	-3,3506E-08
13,98	-3,30071E-08
13,99	-3,25157E-08
14	-3,20316E-08
14,01	-3,15547E-08
14,02	-3,10849E-08
14,03	-3,06221E-08
14,04	-3,01662E-08
14,05	-2,97171E-08
14,06	-2,92747E-08
14,07	-2,88388E-08
14,08	-2,84095E-08
14,09	-2,79865E-08
14,1	-2,75699E-08
14,11	-2,71594E-08
14,12	-2,6755E-08
14,13	-2,63567E-08
14,14	-2,59643E-08
14,15	-2,55778E-08
14,16	-2,5197E-08
14,17	-2,48218E-08
14,18	-2,44523E-08
14,19	-2,40882E-08
14,2	-2,37296E-08
14,21	-2,33763E-08
14,22	-2,30283E-08
14,23	-2,26854E-08
14,24	-2,23477E-08
14,25	-2,2015E-08
14,26	-2,16872E-08
14,27	-2,13643E-08
14,28	-2,10463E-08
14,29	-2,07329E-08
14,3	-2,04243E-08
14,31	-2,01202E-08
14,32	-1,98206E-08
14,33	-1,95255E-08
14,34	-1,92348E-08
14,35	-1,89485E-08
14,36	-1,86664E-08
14,37	-1,83885E-08
14,38	-1,81147E-08
14,39	-1,7845E-08
14,4	-1,75793E-08
14,41	-1,73176E-08
14,42	-1,70598E-08
14,43	-1,68058E-08
14,44	-1,65556E-08
14,45	-1,63091E-08
14,46	-1,60663E-08
14,47	-1,58271E-08
14,48	-1,55915E-08
14,49	-1,53593E-08
14,5	-1,51307E-08
14,51	-1,49054E-08
14,52	-1,46835E-08
14,53	-1,44649E-08
14,54	-1,42495E-08
14,55	-1,40374E-08
14,56	-1,38284E-08
14,57	-1,36225E-08
14,58	-1,34197E-08
14,59	-1,32199E-08
14,6	-1,30231E-08
14,61	-1,28292E-08
14,62	-1,26382E-08
14,63	-1,245E-08
14,64	-1,22647E-08
14,65	-1,20821E-08
14,66	-1,19022E-08
14,67	-1,1725E-08
14,68	-1,15504E-08
14,69	-1,13785E-08
14,7	-1,12091E-08
14,71	-1,10422E-08
14,72	-1,08778E-08
14,73	-1,07158E-08
14,74	-1,05563E-08
14,75	-1,03991E-08
14,76	-1,02443E-08
14,77	-1,00918E-08
14,78	-9,94155E-09
14,79	-9,79354E-09
14,8	-9,64774E-09
14,81	-9,5041E-09
14,82	-9,3626E-09
14,83	-9,22321E-09
14,84	-9,08589E-09
14,85	-8,95062E-09
14,86	-8,81737E-09
14,87	-8,68609E-09
14,88	-8,55677E-09
14,89	-8,42938E-09
14,9	-8,30388E-09
14,91	-8,18025E-09
14,92	-8,05847E-09
14,93	-7,93849E-09
14,94	-7,8203E-09
14,95	-7,70387E-09
14,96	-7,58918E-09
14,97	-7,47619E-09
14,98	-7,36488E-09
14,99	-7,25523E-09
15	-7,14722E-09
15,01	-7,04081E-09
15,02	-6,93599E-09
15,03	-6,83272E-09
15,04	-6,731E-09
15,05	-6,63079E-09
15,06	-6,53207E-09
15,07	-6,43482E-09
15,08	-6,33901E-09
15,09	-6,24464E-09
15,1	-6,15167E-09
15,11	-6,06008E-09
15,12	-5,96986E-09
15,13	-5,88098E-09
15,14	-5,79342E-09
15,15	-5,70717E-09
15,16	-5,6222E-09
15,17	-5,5385E-09
15,18	-5,45604E-09
15,19	-5,37481E-09
15,2	-5,29479E-09
15,21	-5,21596E-09
15,22	-5,1383E-09
15,23	-5,06181E-09
15,24	-4,98644E-09
15,25	-4,91221E-09
15,26	-4,83907E-09
15,27	-4,76703E-09
15,28	-4,69606E-09
15,29	-4,62614E-09
15,3	-4,55727E-09
15,31	-4,48942E-09
15,32	-4,42258E-09
15,33	-4,35674E-09
15,34	-4,29187E-09
15,35	-4,22798E-09
15,36	-4,16503E-09
15,37	-4,10302E-09
15,38	-4,04193E-09
15,39	-3,98176E-09
15,4	-3,92248E-09
15,41	-3,86408E-09
15,42	-3,80655E-09
15,43	-3,74988E-09
15,44	-3,69405E-09
15,45	-3,63905E-09
15,46	-3,58487E-09
15,47	-3,5315E-09
15,48	-3,47892E-09
15,49	-3,42713E-09
15,5	-3,37611E-09
15,51	-3,32584E-09
15,52	-3,27633E-09
15,53	-3,22755E-09
15,54	-3,1795E-09
15,55	-3,13216E-09
15,56	-3,08553E-09
15,57	-3,03959E-09
15,58	-2,99434E-09
15,59	-2,94976E-09
15,6	-2,90584E-09
15,61	-2,86258E-09
15,62	-2,81996E-09
15,63	-2,77798E-09
15,64	-2,73662E-09
15,65	-2,69588E-09
15,66	-2,65574E-09
15,67	-2,6162E-09
15,68	-2,57725E-09
15,69	-2,53888E-09
15,7	-2,50108E-09
15,71	-2,46385E-09
15,72	-2,42716E-09
15,73	-2,39103E-09
15,74	-2,35543E-09
15,75	-2,32036E-09
15,76	-2,28582E-09
15,77	-2,25178E-09
15,78	-2,21826E-09
15,79	-2,18523E-09
15,8	-2,1527E-09
15,81	-2,12065E-09
15,82	-2,08908E-09
15,83	-2,05798E-09
15,84	-2,02734E-09
15,85	-1,99715E-09
15,86	-1,96742E-09
15,87	-1,93813E-09
15,88	-1,90927E-09
15,89	-1,88085E-09
15,9	-1,85285E-09
15,91	-1,82526E-09
15,92	-1,79809E-09
15,93	-1,77132E-09
15,94	-1,74495E-09
15,95	-1,71897E-09
15,96	-1,69337E-09
15,97	-1,66816E-09
15,98	-1,64333E-09
15,99	-1,61886E-09
16	-1,59476E-09
16,01	-1,57102E-09
16,02	-1,54763E-09
16,03	-1,52459E-09
16,04	-1,50189E-09
16,05	-1,47953E-09
16,06	-1,4575E-09
16,07	-1,4358E-09
16,08	-1,41443E-09
16,09	-1,39337E-09
16,1	-1,37262E-09
16,11	-1,35219E-09
16,12	-1,33206E-09
16,13	-1,31222E-09
16,14	-1,29269E-09
16,15	-1,27344E-09
16,16	-1,25448E-09
16,17	-1,23581E-09
16,18	-1,21741E-09
16,19	-1,19928E-09
16,2	-1,18143E-09
16,21	-1,16384E-09
16,22	-1,14651E-09
16,23	-1,12944E-09
16,24	-1,11263E-09
16,25	-1,09606E-09
16,26	-1,07974E-09
16,27	-1,06367E-09
16,28	-1,04783E-09
16,29	-1,03223E-09
16,3	-1,01686E-09
16,31	-1,00172E-09
16,32	-9,86811E-10
16,33	-9,72119E-10
16,34	-9,57646E-10
16,35	-9,43389E-10
16,36	-9,29343E-10
16,37	-9,15507E-10
16,38	-9,01877E-10
16,39	-8,8845E-10
16,4	-8,75223E-10
16,41	-8,62192E-10
16,42	-8,49356E-10
16,43	-8,36711E-10
16,44	-8,24254E-10
16,45	-8,11982E-10
16,46	-7,99893E-10
16,47	-7,87985E-10
16,48	-7,76253E-10
16,49	-7,64696E-10
16,5	-7,53311E-10
16,51	-7,42096E-10
16,52	-7,31047E-10
16,53	-7,20164E-10
16,54	-7,09442E-10
16,55	-6,9888E-10
16,56	-6,88475E-10
16,57	-6,78225E-10
16,58	-6,68127E-10
16,59	-6,5818E-10
16,6	-6,48381E-10
16,61	-6,38728E-10
16,62	-6,29218E-10
16,63	-6,19851E-10
16,64	-6,10622E-10
16,65	-6,01531E-10
16,66	-5,92576E-10
16,67	-5,83753E-10
16,68	-5,75062E-10
16,69	-5,66501E-10
16,7	-5,58067E-10
16,71	-5,49758E-10
16,72	-5,41573E-10
16,73	-5,3351E-10
16,74	-5,25567E-10
16,75	-5,17743E-10
16,76	-5,10034E-10
16,77	-5,02441E-10
16,78	-4,94961E-10
16,79	-4,87592E-10
16,8	-4,80332E-10
16,81	-4,73181E-10
16,82	-4,66136E-10
16,83	-4,59196E-10
16,84	-4,5236E-10
16,85	-4,45625E-10
16,86	-4,38991E-10
16,87	-4,32455E-10
16,88	-4,26017E-10
16,89	-4,19674E-10
16,9	-4,13426E-10
16,91	-4,07271E-10
16,92	-4,01208E-10
16,93	-3,95234E-10
16,94	-3,8935E-10
16,95	-3,83553E-10
16,96	-3,77843E-10
16,97	-3,72218E-10
16,98	-3,66676E-10
16,99	-3,61217E-10
17	-3,55839E-10
17,01	-3,50541E-10
17,02	-3,45322E-10
17,03	-3,40181E-10
17,04	-3,35117E-10
17,05	-3,30127E-10
17,06	-3,25213E-10
17,07	-3,2037E-10
17,08	-3,15601E-10
17,09	-3,10902E-10
17,1	-3,06273E-10
17,11	-3,01714E-10
17,12	-2,97222E-10
17,13	-2,92797E-10
17,14	-2,88438E-10
17,15	-2,84143E-10
17,16	-2,79913E-10
17,17	-2,75745E-10
17,18	-2,7164E-10
17,19	-2,67596E-10
17,2	-2,63612E-10
17,21	-2,59687E-10
17,22	-2,55821E-10
17,23	-2,52013E-10
17,24	-2,4826E-10
17,25	-2,44564E-10
17,26	-2,40923E-10
17,27	-2,37336E-10
17,28	-2,33803E-10
17,29	-2,30322E-10
17,3	-2,26893E-10
17,31	-2,23515E-10
17,32	-2,20187E-10
17,33	-2,16909E-10
17,34	-2,1368E-10
17,35	-2,10499E-10
17,36	-2,07365E-10
17,37	-2,04277E-10
17,38	-2,01236E-10
17,39	-1,9824E-10
17,4	-1,95289E-10
17,41	-1,92381E-10
17,42	-1,89517E-10
17,43	-1,86696E-10
17,44	-1,83916E-10
17,45	-1,81178E-10
17,46	-1,7848E-10
17,47	-1,75823E-10
17,48	-1,73205E-10
17,49	-1,70627E-10
17,5	-1,68086E-10
17,51	-1,65584E-10
17,52	-1,63119E-10
17,53	-1,6069E-10
17,54	-1,58298E-10
17,55	-1,55941E-10
17,56	-1,5362E-10
17,57	-1,51332E-10
17,58	-1,49079E-10
17,59	-1,4686E-10
17,6	-1,44673E-10
17,61	-1,42519E-10
17,62	-1,40397E-10
17,63	-1,38307E-10
17,64	-1,36248E-10
17,65	-1,3422E-10
17,66	-1,32222E-10
17,67	-1,30253E-10
17,68	-1,28314E-10
17,69	-1,26404E-10
17,7	-1,24522E-10
17,71	-1,22668E-10
17,72	-1,20841E-10
17,73	-1,19042E-10
17,74	-1,1727E-10
17,75	-1,15524E-10
17,76	-1,13804E-10
17,77	-1,1211E-10
17,78	-1,10441E-10
17,79	-1,08796E-10
17,8	-1,07177E-10
17,81	-1,05581E-10
17,82	-1,04009E-10
17,83	-1,0246E-10
17,84	-1,00935E-10
17,85	-9,94322E-11
17,86	-9,79521E-11
17,87	-9,64937E-11
17,88	-9,50571E-11
17,89	-9,3642E-11
17,9	-9,22478E-11