r [A]	U [eV]
0,5	18,02268411
0,51	17,3137488
0,52	16,62619051
0,53	15,95941952
0,54	15,31286175
0,55	14,68595838
0,56	14,07816544
0,57	13,48895347
0,58	12,91780705
0,59	12,36422453
0,6	11,82771759
0,61	11,30781096
0,62	10,80404203
0,63	10,31596053
0,64	9,843128214
0,65	9,385118558
0,66	8,941516425
0,67	8,511917785
0,68	8,09592942
0,69	7,693168639
0,7	7,303263006
0,71	6,925850068
0,72	6,560577095
0,73	6,207100825
0,74	5,865087214
0,75	5,534211195
0,76	5,214156444
0,77	4,904615148
0,78	4,605287784
0,79	4,315882897
0,8	4,036116893
0,81	3,76571383
0,82	3,504405217
0,83	3,251929817
0,84	3,008033458
0,85	2,772468845
0,86	2,54499538
0,87	2,325378988
0,88	2,11339194
0,89	1,90881269
0,9	1,711425709
0,91	1,521021329
0,92	1,337395586
0,93	1,160350072
0,94	0,989691785
0,95	0,825232989
0,96	0,666791074
0,97	0,514188418
0,98	0,367252261
0,99	0,225814569
1	0,089711914
1,01	-0,041214649
1,02	-0,167119702
1,03	-0,288153578
1,04	-0,404462476
1,05	-0,516188568
1,06	-0,623470107
1,07	-0,726441534
1,08	-0,825233571
1,09	-0,919973332
1,1	-1,010784407
1,11	-1,097786963
1,12	-1,181097834
1,13	-1,260830607
1,14	-1,337095713
1,15	-1,410000505
1,16	-1,479649348
1,17	-1,546143691
1,18	-1,60958215
1,19	-1,670060582
1,2	-1,727672157
1,21	-1,782507433
1,22	-1,834654426
1,23	-1,884198673
1,24	-1,931223306
1,25	-1,975809109
1,26	-2,018034586
1,27	-2,057976022
1,28	-2,095707539
1,29	-2,131301157
1,3	-2,164826852
1,31	-2,196352606
1,32	-2,225944465
1,33	-2,253666591
1,34	-2,279581309
1,35	-2,303749162
1,36	-2,326228954
1,37	-2,347077802
1,38	-2,366351176
1,39	-2,384102948
1,4	-2,400385434
1,41	-2,415249436
1,42	-2,428744283
1,43	-2,44091787
1,44	-2,4518167
1,45	-2,461485918
1,46	-2,469969351
1,47	-2,477309542
1,48	-2,483547786
1,49	-2,488724164
1,5	-2,492877575
1,51	-2,496045772
1,52	-2,498265386
1,53	-2,499571966
1,54	-2,5
1,55	-2,499582951
1,56	-2,498353281
1,57	-2,496342479
1,58	-2,493581091
1,59	-2,49009874
1,6	-2,485924157
1,61	-2,481085203
1,62	-2,475608895
1,63	-2,469521426
1,64	-2,46284819
1,65	-2,455613805
1,66	-2,447842131
1,67	-2,439556297
1,68	-2,430778715
1,69	-2,421531104
1,7	-2,411834507
1,71	-2,401709313
1,72	-2,39117527
1,73	-2,38025151
1,74	-2,368956559
1,75	-2,35730836
1,76	-2,345324284
1,77	-2,333021153
1,78	-2,320415247
1,79	-2,307522326
1,8	-2,294357643
1,81	-2,280935955
1,82	-2,267271542
1,83	-2,253378218
1,84	-2,239269344
1,85	-2,224957841
1,86	-2,210456204
1,87	-2,195776512
1,88	-2,180930443
1,89	-2,16592928
1,9	-2,150783929
1,91	-2,135504925
1,92	-2,120102445
1,93	-2,104586319
1,94	-2,088966035
1,95	-2,073250756
1,96	-2,057449325
1,97	-2,041570275
1,98	-2,025621838
1,99	-2,009611956
2	-1,993548285
2,01	-1,977438207
2,02	-1,961288839
2,03	-1,945107035
2,04	-1,928899401
2,05	-1,912672298
2,06	-1,896431848
2,07	-1,880183946
2,08	-1,863934263
2,09	-1,847688253
2,1	-1,831451162
2,11	-1,81522803
2,12	-1,799023702
2,13	-1,782842829
2,14	-1,766689879
2,15	-1,750569136
2,16	-1,734484715
2,17	-1,718440556
2,18	-1,702440438
2,19	-1,686487981
2,2	-1,670586649
2,21	-1,654739759
2,22	-1,63895048
2,23	-1,623221843
2,24	-1,607556743
2,25	-1,591957941
2,26	-1,576428073
2,27	-1,56096965
2,28	-1,545585063
2,29	-1,530276589
2,3	-1,51504639
2,31	-1,49989652
2,32	-1,48482893
2,33	-1,469845467
2,34	-1,454947879
2,35	-1,440137821
2,36	-1,425416854
2,37	-1,41078645
2,38	-1,396247994
2,39	-1,38180279
2,4	-1,367452058
2,41	-1,353196942
2,42	-1,339038511
2,43	-1,324977759
2,44	-1,311015611
2,45	-1,297152924
2,46	-1,283390489
2,47	-1,269729033
2,48	-1,256169222
2,49	-1,242711664
2,5	-1,229356909
2,51	-1,21610545
2,52	-1,202957731
2,53	-1,18991414
2,54	-1,17697502
2,55	-1,164140662
2,56	-1,151411315
2,57	-1,138787182
2,58	-1,126268422
2,59	-1,113855156
2,6	-1,101547462
2,61	-1,089345383
2,62	-1,077248924
2,63	-1,065258054
2,64	-1,053372711
2,65	-1,041592796
2,66	-1,029918183
2,67	-1,018348713
2,68	-1,006884201
2,69	-0,995524432
2,7	-0,984269165
2,71	-0,973118134
2,72	-0,962071048
2,73	-0,951127594
2,74	-0,940287435
2,75	-0,929550214
2,76	-0,918915552
2,77	-0,908383053
2,78	-0,897952299
2,79	-0,887622856
2,8	-0,877394275
2,81	-0,867266087
2,82	-0,857237809
2,83	-0,847308945
2,84	-0,837478983
2,85	-0,827747399
2,86	-0,818113656
2,87	-0,808577204
2,88	-0,799137484
2,89	-0,789793925
2,9	-0,780545946
2,91	-0,771392957
2,92	-0,762334359
2,93	-0,753369543
2,94	-0,744497895
2,95	-0,735718791
2,96	-0,727031603
2,97	-0,718435694
2,98	-0,709930421
2,99	-0,701515139
3	-0,693189194
3,01	-0,684951928
3,02	-0,676802682
3,03	-0,668740788
3,04	-0,660765579
3,05	-0,652876383
3,06	-0,645072524
3,07	-0,637353326
3,08	-0,629718109
3,09	-0,622166192
3,1	-0,614696892
3,11	-0,607309525
3,12	-0,600003405
3,13	-0,592777848
3,14	-0,585632166
3,15	-0,578565674
3,16	-0,571577684
3,17	-0,564667511
3,18	-0,557834469
3,19	-0,551077872
3,2	-0,544397036
3,21	-0,537791279
3,22	-0,531259917
3,23	-0,524802271
3,24	-0,518417662
3,25	-0,512105412
3,26	-0,505864846
3,27	-0,499695291
3,28	-0,493596075
3,29	-0,487566531
3,3	-0,481605992
3,31	-0,475713795
3,32	-0,469889278
3,33	-0,464131783
3,34	-0,458440656
3,35	-0,452815245
3,36	-0,447254901
3,37	-0,441758977
3,38	-0,436326833
3,39	-0,430957829
3,4	-0,425651329
3,41	-0,420406703
3,42	-0,415223321
3,43	-0,41010056
3,44	-0,405037799
3,45	-0,400034421
3,46	-0,395089814
3,47	-0,390203368
3,48	-0,385374479
3,49	-0,380602546
3,5	-0,375886972
3,51	-0,371227165
3,52	-0,366622536
3,53	-0,362072501
3,54	-0,35757648
3,55	-0,353133898
3,56	-0,348744183
3,57	-0,344406768
3,58	-0,340121091
3,59	-0,335886593
3,6	-0,33170272
3,61	-0,327568923
3,62	-0,323484657
3,63	-0,319449381
3,64	-0,315462559
3,65	-0,311523659
3,66	-0,307632154
3,67	-0,303787521
3,68	-0,299989242
3,69	-0,296236802
3,7	-0,292529693
3,71	-0,288867408
3,72	-0,285249449
3,73	-0,281675318
3,74	-0,278144524
3,75	-0,27465658
3,76	-0,271211003
3,77	-0,267807314
3,78	-0,26444504
3,79	-0,261123712
3,8	-0,257842863
3,81	-0,254602034
3,82	-0,251400767
3,83	-0,248238611
3,84	-0,245115118
3,85	-0,242029844
3,86	-0,238982351
3,87	-0,235972204
3,88	-0,232998971
3,89	-0,230062227
3,9	-0,227161549
3,91	-0,224296519
3,92	-0,221466724
3,93	-0,218671754
3,94	-0,215911203
3,95	-0,21318467
3,96	-0,210491758
3,97	-0,207832073
3,98	-0,205205225
3,99	-0,202610831
4	-0,200048508
4,01	-0,197517879
4,02	-0,19501857
4,03	-0,192550213
4,04	-0,190112441
4,05	-0,187704893
4,06	-0,185327211
4,07	-0,18297904
4,08	-0,18066003
4,09	-0,178369835
4,1	-0,176108112
4,11	-0,17387452
4,12	-0,171668725
4,13	-0,169490395
4,14	-0,167339201
4,15	-0,165214818
4,16	-0,163116925
4,17	-0,161045204
4,18	-0,158999341
4,19	-0,156979026
4,2	-0,154983949
4,21	-0,153013808
4,22	-0,151068302
4,23	-0,149147134
4,24	-0,147250008
4,25	-0,145376636
4,26	-0,143526728
4,27	-0,141700001
4,28	-0,139896174
4,29	-0,138114969
4,3	-0,13635611
4,31	-0,134619327
4,32	-0,13290435
4,33	-0,131210914
4,34	-0,129538756
4,35	-0,127887617
4,36	-0,12625724
4,37	-0,124647372
4,38	-0,123057761
4,39	-0,12148816
4,4	-0,119938324
4,41	-0,11840801
4,42	-0,116896979
4,43	-0,115404995
4,44	-0,113931822
4,45	-0,112477231
4,46	-0,111040993
4,47	-0,109622881
4,48	-0,108222673
4,49	-0,106840148
4,5	-0,105475087
4,51	-0,104127276
4,52	-0,102796501
4,53	-0,101482551
4,54	-0,10018522
4,55	-0,0989043
4,56	-0,09763959
4,57	-0,096390888
4,58	-0,095157995
4,59	-0,093940717
4,6	-0,092738859
4,61	-0,091552229
4,62	-0,090380639
4,63	-0,089223902
4,64	-0,088081833
4,65	-0,086954249
4,66	-0,085840971
4,67	-0,08474182
4,68	-0,083656619
4,69	-0,082585197
4,7	-0,081527379
4,71	-0,080482998
4,72	-0,079451884
4,73	-0,078433873
4,74	-0,0774288
4,75	-0,076436504
4,76	-0,075456825
4,77	-0,074489606
4,78	-0,073534689
4,79	-0,072591923
4,8	-0,071661153
4,81	-0,070742229
4,82	-0,069835004
4,83	-0,068939331
4,84	-0,068055064
4,85	-0,06718206
4,86	-0,066320179
4,87	-0,06546928
4,88	-0,064629224
4,89	-0,063799877
4,9	-0,062981103
4,91	-0,06217277
4,92	-0,061374745
4,93	-0,060586899
4,94	-0,059809105
4,95	-0,059041234
4,96	-0,058283163
4,97	-0,057534767
4,98	-0,056795926
4,99	-0,056066517
5	-0,055346423
5,01	-0,054635525
5,02	-0,053933708
5,03	-0,053240856
5,04	-0,052556857
5,05	-0,051881599
5,06	-0,051214971
5,07	-0,050556864
5,08	-0,049907171
5,09	-0,049265784
5,1	-0,048632599
5,11	-0,048007512
5,12	-0,04739042
5,13	-0,046781223
5,14	-0,046179819
5,15	-0,045586111
5,16	-0,045000001
5,17	-0,044421392
5,18	-0,04385019
5,19	-0,0432863
5,2	-0,042729629
5,21	-0,042180087
5,22	-0,041637582
5,23	-0,041102026
5,24	-0,040573329
5,25	-0,040051406
5,26	-0,039536169
5,27	-0,039027534
5,28	-0,038525417
5,29	-0,038029734
5,3	-0,037540406
5,31	-0,037057349
5,32	-0,036580485
5,33	-0,036109735
5,34	-0,035645021
5,35	-0,035186266
5,36	-0,034733395
5,37	-0,034286332
5,38	-0,033845003
5,39	-0,033409336
5,4	-0,032979258
5,41	-0,032554699
5,42	-0,032135587
5,43	-0,031721853
5,44	-0,031313429
5,45	-0,030910247
5,46	-0,03051224
5,47	-0,030119342
5,48	-0,029731488
5,49	-0,029348614
5,5	-0,028970656
5,51	-0,028597551
5,52	-0,028229238
5,53	-0,027865654
5,54	-0,027506741
5,55	-0,027152438
5,56	-0,026802685
5,57	-0,026457426
5,58	-0,026116603
5,59	-0,025780159
5,6	-0,025448037
5,61	-0,025120184
5,62	-0,024796543
5,63	-0,024477062
5,64	-0,024161688
5,65	-0,023850366
5,66	-0,023543047
5,67	-0,023239678
5,68	-0,022940209
5,69	-0,022644591
5,7	-0,022352773
5,71	-0,022064707
5,72	-0,021780346
5,73	-0,021499641
5,74	-0,021222547
5,75	-0,020949016
5,76	-0,020679003
5,77	-0,020412463
5,78	-0,020149352
5,79	-0,019889626
5,8	-0,01963324
5,81	-0,019380153
5,82	-0,019130323
5,83	-0,018883706
5,84	-0,018640263
5,85	-0,018399953
5,86	-0,018162735
5,87	-0,017928569
5,88	-0,017697418
5,89	-0,017469241
5,9	-0,017244001
5,91	-0,01702166
5,92	-0,016802181
5,93	-0,016585528
5,94	-0,016371663
5,95	-0,016160552
5,96	-0,015952158
5,97	-0,015746448
5,98	-0,015543386
5,99	-0,015342939
6	-0,015145073
6,01	-0,014949754
6,02	-0,014756951
6,03	-0,014566631
6,04	-0,014378761
6,05	-0,014193311
6,06	-0,01401025
6,07	-0,013829547
6,08	-0,013651171
6,09	-0,013475092
6,1	-0,013301282
6,11	-0,01312971
6,12	-0,012960349
6,13	-0,01279317
6,14	-0,012628144
6,15	-0,012465244
6,16	-0,012304444
6,17	-0,012145715
6,18	-0,011989031
6,19	-0,011834366
6,2	-0,011681694
6,21	-0,011530989
6,22	-0,011382226
6,23	-0,01123538
6,24	-0,011090427
6,25	-0,010947342
6,26	-0,0108061
6,27	-0,010666679
6,28	-0,010529055
6,29	-0,010393205
6,3	-0,010259106
6,31	-0,010126735
6,32	-0,009996071
6,33	-0,00986709
6,34	-0,009739773
6,35	-0,009614096
6,36	-0,00949004
6,37	-0,009367583
6,38	-0,009246705
6,39	-0,009127385
6,4	-0,009009603
6,41	-0,00889334
6,42	-0,008778576
6,43	-0,008665291
6,44	-0,008553467
6,45	-0,008443085
6,46	-0,008334127
6,47	-0,008226573
6,48	-0,008120406
6,49	-0,008015608
6,5	-0,007912162
6,51	-0,007810049
6,52	-0,007709254
6,53	-0,007609758
6,54	-0,007511545
6,55	-0,007414599
6,56	-0,007318903
6,57	-0,007224442
6,58	-0,007131198
6,59	-0,007039158
6,6	-0,006948304
6,61	-0,006858623
6,62	-0,006770098
6,63	-0,006682714
6,64	-0,006596458
6,65	-0,006511315
6,66	-0,00642727
6,67	-0,006344309
6,68	-0,006262418
6,69	-0,006181583
6,7	-0,006101792
6,71	-0,006023029
6,72	-0,005945283
6,73	-0,00586854
6,74	-0,005792786
6,75	-0,00571801
6,76	-0,005644199
6,77	-0,00557134
6,78	-0,005499421
6,79	-0,00542843
6,8	-0,005358354
6,81	-0,005289183
6,82	-0,005220905
6,83	-0,005153507
6,84	-0,005086979
6,85	-0,005021309
6,86	-0,004956487
6,87	-0,004892501
6,88	-0,00482934
6,89	-0,004766995
6,9	-0,004705454
6,91	-0,004644707
6,92	-0,004584745
6,93	-0,004525555
6,94	-0,00446713
6,95	-0,004409459
6,96	-0,004352532
6,97	-0,004296339
6,98	-0,004240872
6,99	-0,00418612
7	-0,004132075
7,01	-0,004078728
7,02	-0,004026068
7,03	-0,003974089
7,04	-0,00392278
7,05	-0,003872134
7,06	-0,003822141
7,07	-0,003772793
7,08	-0,003724083
7,09	-0,003676001
7,1	-0,003628539
7,11	-0,00358169
7,12	-0,003535446
7,13	-0,003489799
7,14	-0,00344474
7,15	-0,003400264
7,16	-0,003356361
7,17	-0,003313025
7,18	-0,003270249
7,19	-0,003228024
7,2	-0,003186345
7,21	-0,003145203
7,22	-0,003104593
7,23	-0,003064507
7,24	-0,003024938
7,25	-0,00298588
7,26	-0,002947326
7,27	-0,00290927
7,28	-0,002871705
7,29	-0,002834625
7,3	-0,002798023
7,31	-0,002761895
7,32	-0,002726232
7,33	-0,00269103
7,34	-0,002656282
7,35	-0,002621983
7,36	-0,002588127
7,37	-0,002554707
7,38	-0,002521719
7,39	-0,002489157
7,4	-0,002457015
7,41	-0,002425289
7,42	-0,002393972
7,43	-0,002363059
7,44	-0,002332545
7,45	-0,002302425
7,46	-0,002272694
7,47	-0,002243347
7,48	-0,002214378
7,49	-0,002185784
7,5	-0,002157559
7,51	-0,002129698
7,52	-0,002102197
7,53	-0,002075051
7,54	-0,002048255
7,55	-0,002021806
7,56	-0,001995697
7,57	-0,001969926
7,58	-0,001944488
7,59	-0,001919378
7,6	-0,001894592
7,61	-0,001870127
7,62	-0,001845977
7,63	-0,001822139
7,64	-0,001798608
7,65	-0,001775382
7,66	-0,001752455
7,67	-0,001729825
7,68	-0,001707486
7,69	-0,001685437
7,7	-0,001663671
7,71	-0,001642187
7,72	-0,00162098
7,73	-0,001600047
7,74	-0,001579385
7,75	-0,001558989
7,76	-0,001538856
7,77	-0,001518983
7,78	-0,001499367
7,79	-0,001480005
7,8	-0,001460892
7,81	-0,001442026
7,82	-0,001423403
7,83	-0,001405022
7,84	-0,001386877
7,85	-0,001368967
7,86	-0,001351288
7,87	-0,001333837
7,88	-0,001316612
7,89	-0,001299609
7,9	-0,001282825
7,91	-0,001266259
7,92	-0,001249906
7,93	-0,001233764
7,94	-0,001217831
7,95	-0,001202104
7,96	-0,001186579
7,97	-0,001171255
7,98	-0,001156129
7,99	-0,001141199
8	-0,001126461
8,01	-0,001111913
8,02	-0,001097553
8,03	-0,001083379
8,04	-0,001069388
8,05	-0,001055577
8,06	-0,001041945
8,07	-0,001028489
8,08	-0,001015206
8,09	-0,001002095
8,1	-0,000989154
8,11	-0,000976379
8,12	-0,000963769
8,13	-0,000951323
8,14	-0,000939037
8,15	-0,000926909
8,16	-0,000914939
8,17	-0,000903122
8,18	-0,000891459
8,19	-0,000879946
8,2	-0,000868582
8,21	-0,000857364
8,22	-0,000846291
8,23	-0,000835362
8,24	-0,000824573
8,25	-0,000813924
8,26	-0,000803412
8,27	-0,000793036
8,28	-0,000782794
8,29	-0,000772685
8,3	-0,000762706
8,31	-0,000752855
8,32	-0,000743132
8,33	-0,000733535
8,34	-0,000724061
8,35	-0,00071471
8,36	-0,00070548
8,37	-0,000696368
8,38	-0,000687375
8,39	-0,000678497
8,4	-0,000669735
8,41	-0,000661085
8,42	-0,000652547
8,43	-0,000644119
8,44	-0,000635801
8,45	-0,000627589
8,46	-0,000619484
8,47	-0,000611483
8,48	-0,000603586
8,49	-0,00059579
8,5	-0,000588096
8,51	-0,0005805
8,52	-0,000573003
8,53	-0,000565603
8,54	-0,000558298
8,55	-0,000551087
8,56	-0,00054397
8,57	-0,000536945
8,58	-0,00053001
8,59	-0,000523165
8,6	-0,000516408
8,61	-0,000509738
8,62	-0,000503155
8,63	-0,000496657
8,64	-0,000490242
8,65	-0,000483911
8,66	-0,000477661
8,67	-0,000471492
8,68	-0,000465402
8,69	-0,000459391
8,7	-0,000453458
8,71	-0,000447602
8,72	-0,000441821
8,73	-0,000436115
8,74	-0,000430482
8,75	-0,000424922
8,76	-0,000419434
8,77	-0,000414017
8,78	-0,00040867
8,79	-0,000403392
8,8	-0,000398182
8,81	-0,000393039
8,82	-0,000387963
8,83	-0,000382952
8,84	-0,000378006
8,85	-0,000373124
8,86	-0,000368305
8,87	-0,000363548
8,88	-0,000358853
8,89	-0,000354218
8,9	-0,000349643
8,91	-0,000345128
8,92	-0,00034067
8,93	-0,00033627
8,94	-0,000331927
8,95	-0,00032764
8,96	-0,000323408
8,97	-0,000319232
8,98	-0,000315108
8,99	-0,000311039
9	-0,000307021
9,01	-0,000303056
9,02	-0,000299142
9,03	-0,000295278
9,04	-0,000291465
9,05	-0,0002877
9,06	-0,000283985
9,07	-0,000280317
9,08	-0,000276696
9,09	-0,000273123
9,1	-0,000269595
9,11	-0,000266113
9,12	-0,000262676
9,13	-0,000259284
9,14	-0,000255935
9,15	-0,000252629
9,16	-0,000249366
9,17	-0,000246146
9,18	-0,000242967
9,19	-0,000239829
9,2	-0,000236731
9,21	-0,000233674
9,22	-0,000230656
9,23	-0,000227676
9,24	-0,000224736
9,25	-0,000221833
9,26	-0,000218968
9,27	-0,00021614
9,28	-0,000213349
9,29	-0,000210593
9,3	-0,000207873
9,31	-0,000205188
9,32	-0,000202538
9,33	-0,000199922
9,34	-0,00019734
9,35	-0,000194791
9,36	-0,000192276
9,37	-0,000189792
9,38	-0,000187341
9,39	-0,000184921
9,4	-0,000182533
9,41	-0,000180175
9,42	-0,000177848
9,43	-0,000175551
9,44	-0,000173284
9,45	-0,000171046
9,46	-0,000168837
9,47	-0,000166656
9,48	-0,000164504
9,49	-0,000162379
9,5	-0,000160282
9,51	-0,000158211
9,52	-0,000156168
9,53	-0,000154151
9,54	-0,00015216
9,55	-0,000150195
9,56	-0,000148255
9,57	-0,00014634
9,58	-0,00014445
9,59	-0,000142584
9,6	-0,000140743
9,61	-0,000138925
9,62	-0,000137131
9,63	-0,00013536
9,64	-0,000133611
9,65	-0,000131886
9,66	-0,000130182
9,67	-0,000128501
9,68	-0,000126841
9,69	-0,000125203
9,7	-0,000123586
9,71	-0,00012199
9,72	-0,000120414
9,73	-0,000118859
9,74	-0,000117324
9,75	-0,000115808
9,76	-0,000114313
9,77	-0,000112836
9,78	-0,000111379
9,79	-0,00010994
9,8	-0,00010852
9,81	-0,000107119
9,82	-0,000105735
9,83	-0,00010437
9,84	-0,000103022
9,85	-0,000101691
9,86	-0,000100378
9,87	-9,90811E-05
9,88	-9,78014E-05
9,89	-9,65382E-05
9,9	-9,52913E-05
9,91	-9,40606E-05
9,92	-9,28457E-05
9,93	-9,16465E-05
9,94	-9,04629E-05
9,95	-8,92945E-05
9,96	-8,81412E-05
9,97	-8,70028E-05
9,98	-8,5879E-05
9,99	-8,47699E-05
10	-8,3675E-05
10,01	-8,25943E-05
10,02	-8,15275E-05
10,03	-8,04745E-05
10,04	-7,94351E-05
10,05	-7,84091E-05
10,06	-7,73964E-05
10,07	-7,63968E-05
10,08	-7,54101E-05
10,09	-7,44361E-05
10,1	-7,34747E-05
10,11	-7,25257E-05
10,12	-7,1589E-05
10,13	-7,06644E-05
10,14	-6,97517E-05
10,15	-6,88508E-05
10,16	-6,79615E-05
10,17	-6,70837E-05
10,18	-6,62173E-05
10,19	-6,53621E-05
10,2	-6,45179E-05
10,21	-6,36846E-05
10,22	-6,2862E-05
10,23	-6,20501E-05
10,24	-6,12487E-05
10,25	-6,04576E-05
10,26	-5,96768E-05
10,27	-5,8906E-05
10,28	-5,81452E-05
10,29	-5,73942E-05
10,3	-5,66529E-05
10,31	-5,59212E-05
10,32	-5,51989E-05
10,33	-5,4486E-05
10,34	-5,37822E-05
10,35	-5,30876E-05
10,36	-5,24019E-05
10,37	-5,17251E-05
10,38	-5,1057E-05
10,39	-5,03976E-05
10,4	-4,97467E-05
10,41	-4,91042E-05
10,42	-4,84699E-05
10,43	-4,78439E-05
10,44	-4,7226E-05
10,45	-4,6616E-05
10,46	-4,60139E-05
10,47	-4,54196E-05
10,48	-4,4833E-05
10,49	-4,42539E-05
10,5	-4,36823E-05
10,51	-4,31182E-05
10,52	-4,25612E-05
10,53	-4,20115E-05
10,54	-4,14689E-05
10,55	-4,09333E-05
10,56	-4,04046E-05
10,57	-3,98828E-05
10,58	-3,93677E-05
10,59	-3,88592E-05
10,6	-3,83573E-05
10,61	-3,78619E-05
10,62	-3,73729E-05
10,63	-3,68902E-05
10,64	-3,64137E-05
10,65	-3,59434E-05
10,66	-3,54791E-05
10,67	-3,50209E-05
10,68	-3,45686E-05
10,69	-3,41221E-05
10,7	-3,36814E-05
10,71	-3,32464E-05
10,72	-3,2817E-05
10,73	-3,23931E-05
10,74	-3,19747E-05
10,75	-3,15617E-05
10,76	-3,11541E-05
10,77	-3,07517E-05
10,78	-3,03545E-05
10,79	-2,99625E-05
10,8	-2,95755E-05
10,81	-2,91935E-05
10,82	-2,88164E-05
10,83	-2,84442E-05
10,84	-2,80769E-05
10,85	-2,77142E-05
10,86	-2,73563E-05
10,87	-2,70029E-05
10,88	-2,66542E-05
10,89	-2,63099E-05
10,9	-2,59701E-05
10,91	-2,56347E-05
10,92	-2,53036E-05
10,93	-2,49768E-05
10,94	-2,46542E-05
10,95	-2,43357E-05
10,96	-2,40214E-05
10,97	-2,37112E-05
10,98	-2,34049E-05
10,99	-2,31026E-05
11	-2,28042E-05
11,01	-2,25097E-05
11,02	-2,2219E-05
11,03	-2,1932E-05
11,04	-2,16487E-05
11,05	-2,13691E-05
11,06	-2,10931E-05
11,07	-2,08207E-05
11,08	-2,05518E-05
11,09	-2,02863E-05
11,1	-2,00243E-05
11,11	-1,97657E-05
11,12	-1,95104E-05
11,13	-1,92584E-05
11,14	-1,90096E-05
11,15	-1,87641E-05
11,16	-1,85218E-05
11,17	-1,82825E-05
11,18	-1,80464E-05
11,19	-1,78133E-05
11,2	-1,75832E-05
11,21	-1,73561E-05
11,22	-1,7132E-05
11,23	-1,69107E-05
11,24	-1,66923E-05
11,25	-1,64767E-05
11,26	-1,62639E-05
11,27	-1,60538E-05
11,28	-1,58465E-05
11,29	-1,56418E-05
11,3	-1,54398E-05
11,31	-1,52404E-05
11,32	-1,50435E-05
11,33	-1,48492E-05
11,34	-1,46574E-05
11,35	-1,44681E-05
11,36	-1,42812E-05
11,37	-1,40968E-05
11,38	-1,39147E-05
11,39	-1,3735E-05
11,4	-1,35576E-05
11,41	-1,33825E-05
11,42	-1,32096E-05
11,43	-1,3039E-05
11,44	-1,28706E-05
11,45	-1,27044E-05
11,46	-1,25403E-05
11,47	-1,23783E-05
11,48	-1,22185E-05
11,49	-1,20606E-05
11,5	-1,19049E-05
11,51	-1,17511E-05
11,52	-1,15993E-05
11,53	-1,14495E-05
11,54	-1,13016E-05
11,55	-1,11557E-05
11,56	-1,10116E-05
11,57	-1,08694E-05
11,58	-1,0729E-05
11,59	-1,05904E-05
11,6	-1,04536E-05
11,61	-1,03186E-05
11,62	-1,01853E-05
11,63	-1,00538E-05
11,64	-9,92391E-06
11,65	-9,79574E-06
11,66	-9,66922E-06
11,67	-9,54433E-06
11,68	-9,42106E-06
11,69	-9,29938E-06
11,7	-9,17927E-06
11,71	-9,06071E-06
11,72	-8,94368E-06
11,73	-8,82817E-06
11,74	-8,71415E-06
11,75	-8,60159E-06
11,76	-8,4905E-06
11,77	-8,38084E-06
11,78	-8,27259E-06
11,79	-8,16574E-06
11,8	-8,06027E-06
11,81	-7,95617E-06
11,82	-7,85341E-06
11,83	-7,75198E-06
11,84	-7,65185E-06
11,85	-7,55302E-06
11,86	-7,45547E-06
11,87	-7,35917E-06
11,88	-7,26412E-06
11,89	-7,1703E-06
11,9	-7,07769E-06
11,91	-6,98628E-06
11,92	-6,89604E-06
11,93	-6,80697E-06
11,94	-6,71906E-06
11,95	-6,63227E-06
11,96	-6,54661E-06
11,97	-6,46206E-06
11,98	-6,37859E-06
11,99	-6,29621E-06
12	-6,21489E-06
12,01	-6,13462E-06
12,02	-6,05538E-06
12,03	-5,97717E-06
12,04	-5,89997E-06
12,05	-5,82377E-06
12,06	-5,74855E-06
12,07	-5,6743E-06
12,08	-5,60102E-06
12,09	-5,52867E-06
12,1	-5,45727E-06
12,11	-5,38678E-06
12,12	-5,31721E-06
12,13	-5,24853E-06
12,14	-5,18074E-06
12,15	-5,11383E-06
12,16	-5,04778E-06
12,17	-4,98258E-06
12,18	-4,91823E-06
12,19	-4,8547E-06
12,2	-4,792E-06
12,21	-4,73011E-06
12,22	-4,66901E-06
12,23	-4,60871E-06
12,24	-4,54918E-06
12,25	-4,49043E-06
12,26	-4,43243E-06
12,27	-4,37518E-06
12,28	-4,31867E-06
12,29	-4,26289E-06
12,3	-4,20783E-06
12,31	-4,15349E-06
12,32	-4,09984E-06
12,33	-4,04689E-06
12,34	-3,99462E-06
12,35	-3,94302E-06
12,36	-3,8921E-06
12,37	-3,84183E-06
12,38	-3,79221E-06
12,39	-3,74323E-06
12,4	-3,69488E-06
12,41	-3,64716E-06
12,42	-3,60005E-06
12,43	-3,55355E-06
12,44	-3,50766E-06
12,45	-3,46235E-06
12,46	-3,41763E-06
12,47	-3,37349E-06
12,48	-3,32992E-06
12,49	-3,28691E-06
12,5	-3,24446E-06
12,51	-3,20255E-06
12,52	-3,16119E-06
12,53	-3,12036E-06
12,54	-3,08006E-06
12,55	-3,04028E-06
12,56	-3,00101E-06
12,57	-2,96225E-06
12,58	-2,92399E-06
12,59	-2,88622E-06
12,6	-2,84894E-06
12,61	-2,81215E-06
12,62	-2,77583E-06
12,63	-2,73997E-06
12,64	-2,70458E-06
12,65	-2,66965E-06
12,66	-2,63517E-06
12,67	-2,60114E-06
12,68	-2,56754E-06
12,69	-2,53438E-06
12,7	-2,50164E-06
12,71	-2,46933E-06
12,72	-2,43744E-06
12,73	-2,40596E-06
12,74	-2,37488E-06
12,75	-2,34421E-06
12,76	-2,31393E-06
12,77	-2,28405E-06
12,78	-2,25455E-06
12,79	-2,22543E-06
12,8	-2,19668E-06
12,81	-2,16831E-06
12,82	-2,1403E-06
12,83	-2,11266E-06
12,84	-2,08537E-06
12,85	-2,05844E-06
12,86	-2,03185E-06
12,87	-2,00561E-06
12,88	-1,97971E-06
12,89	-1,95414E-06
12,9	-1,9289E-06
12,91	-1,90398E-06
12,92	-1,87939E-06
12,93	-1,85512E-06
12,94	-1,83116E-06
12,95	-1,80751E-06
12,96	-1,78416E-06
12,97	-1,76112E-06
12,98	-1,73837E-06
12,99	-1,71592E-06
13	-1,69376E-06
13,01	-1,67188E-06
13,02	-1,65029E-06
13,03	-1,62897E-06
13,04	-1,60793E-06
13,05	-1,58716E-06
13,06	-1,56666E-06
13,07	-1,54643E-06
13,08	-1,52646E-06
13,09	-1,50674E-06
13,1	-1,48728E-06
13,11	-1,46807E-06
13,12	-1,44911E-06
13,13	-1,43039E-06
13,14	-1,41192E-06
13,15	-1,39368E-06
13,16	-1,37568E-06
13,17	-1,35791E-06
13,18	-1,34037E-06
13,19	-1,32306E-06
13,2	-1,30597E-06
13,21	-1,28911E-06
13,22	-1,27246E-06
13,23	-1,25602E-06
13,24	-1,2398E-06
13,25	-1,22378E-06
13,26	-1,20798E-06
13,27	-1,19238E-06
13,28	-1,17698E-06
13,29	-1,16177E-06
13,3	-1,14677E-06
13,31	-1,13196E-06
13,32	-1,11734E-06
13,33	-1,10291E-06
13,34	-1,08866E-06
13,35	-1,0746E-06
13,36	-1,06072E-06
13,37	-1,04702E-06
13,38	-1,0335E-06
13,39	-1,02015E-06
13,4	-1,00697E-06
13,41	-9,93967E-07
13,42	-9,81129E-07
13,43	-9,68457E-07
13,44	-9,55948E-07
13,45	-9,43601E-07
13,46	-9,31414E-07
13,47	-9,19384E-07
13,48	-9,07509E-07
13,49	-8,95788E-07
13,5	-8,84218E-07
13,51	-8,72798E-07
13,52	-8,61525E-07
13,53	-8,50397E-07
13,54	-8,39414E-07
13,55	-8,28572E-07
13,56	-8,1787E-07
13,57	-8,07307E-07
13,58	-7,9688E-07
13,59	-7,86587E-07
13,6	-7,76428E-07
13,61	-7,664E-07
13,62	-7,56501E-07
13,63	-7,4673E-07
13,64	-7,37085E-07
13,65	-7,27565E-07
13,66	-7,18168E-07
13,67	-7,08892E-07
13,68	-6,99736E-07
13,69	-6,90699E-07
13,7	-6,81778E-07
13,71	-6,72972E-07
13,72	-6,6428E-07
13,73	-6,557E-07
13,74	-6,47231E-07
13,75	-6,38872E-07
13,76	-6,3062E-07
13,77	-6,22475E-07
13,78	-6,14435E-07
13,79	-6,06499E-07
13,8	-5,98666E-07
13,81	-5,90934E-07
13,82	-5,83301E-07
13,83	-5,75767E-07
13,84	-5,68331E-07
13,85	-5,6099E-07
13,86	-5,53745E-07
13,87	-5,46593E-07
13,88	-5,39533E-07
13,89	-5,32564E-07
13,9	-5,25686E-07
13,91	-5,18896E-07
13,92	-5,12194E-07
13,93	-5,05579E-07
13,94	-4,99049E-07
13,95	-4,92603E-07
13,96	-4,86241E-07
13,97	-4,7996E-07
13,98	-4,73761E-07
13,99	-4,67642E-07
14	-4,61602E-07
14,01	-4,5564E-07
14,02	-4,49755E-07
14,03	-4,43946E-07
14,04	-4,38212E-07
14,05	-4,32552E-07
14,06	-4,26966E-07
14,07	-4,21451E-07
14,08	-4,16008E-07
14,09	-4,10635E-07
14,1	-4,05331E-07
14,11	-4,00096E-07
14,12	-3,94928E-07
14,13	-3,89827E-07
14,14	-3,84792E-07
14,15	-3,79822E-07
14,16	-3,74917E-07
14,17	-3,70074E-07
14,18	-3,65294E-07
14,19	-3,60576E-07
14,2	-3,55919E-07
14,21	-3,51322E-07
14,22	-3,46785E-07
14,23	-3,42306E-07
14,24	-3,37884E-07
14,25	-3,3352E-07
14,26	-3,29213E-07
14,27	-3,24961E-07
14,28	-3,20763E-07
14,29	-3,1662E-07
14,3	-3,12531E-07
14,31	-3,08494E-07
14,32	-3,0451E-07
14,33	-3,00577E-07
14,34	-2,96695E-07
14,35	-2,92863E-07
14,36	-2,8908E-07
14,37	-2,85346E-07
14,38	-2,81661E-07
14,39	-2,78023E-07
14,4	-2,74432E-07
14,41	-2,70888E-07
14,42	-2,67389E-07
14,43	-2,63935E-07
14,44	-2,60526E-07
14,45	-2,57161E-07
14,46	-2,5384E-07
14,47	-2,50561E-07
14,48	-2,47325E-07
14,49	-2,44131E-07
14,5	-2,40978E-07
14,51	-2,37865E-07
14,52	-2,34793E-07
14,53	-2,3176E-07
14,54	-2,28767E-07
14,55	-2,25812E-07
14,56	-2,22896E-07
14,57	-2,20017E-07
14,58	-2,17175E-07
14,59	-2,1437E-07
14,6	-2,11601E-07
14,61	-2,08868E-07
14,62	-2,06171E-07
14,63	-2,03508E-07
14,64	-2,00879E-07
14,65	-1,98285E-07
14,66	-1,95724E-07
14,67	-1,93196E-07
14,68	-1,907E-07
14,69	-1,88237E-07
14,7	-1,85806E-07
14,71	-1,83406E-07
14,72	-1,81037E-07
14,73	-1,78699E-07
14,74	-1,76391E-07
14,75	-1,74113E-07
14,76	-1,71864E-07
14,77	-1,69644E-07
14,78	-1,67453E-07
14,79	-1,6529E-07
14,8	-1,63155E-07
14,81	-1,61048E-07
14,82	-1,58968E-07
14,83	-1,56915E-07
14,84	-1,54888E-07
14,85	-1,52888E-07
14,86	-1,50913E-07
14,87	-1,48964E-07
14,88	-1,4704E-07
14,89	-1,45141E-07
14,9	-1,43266E-07
14,91	-1,41416E-07
14,92	-1,39589E-07
14,93	-1,37786E-07
14,94	-1,36007E-07
14,95	-1,3425E-07
14,96	-1,32516E-07
14,97	-1,30804E-07
14,98	-1,29115E-07
14,99	-1,27447E-07
15	-1,25801E-07
15,01	-1,24176E-07
15,02	-1,22573E-07
15,03	-1,20989E-07
15,04	-1,19427E-07
15,05	-1,17884E-07
15,06	-1,16362E-07
15,07	-1,14859E-07
15,08	-1,13375E-07
15,09	-1,11911E-07
15,1	-1,10466E-07
15,11	-1,09039E-07
15,12	-1,0763E-07
15,13	-1,0624E-07
15,14	-1,04868E-07
15,15	-1,03514E-07
15,16	-1,02177E-07
15,17	-1,00857E-07
15,18	-9,95544E-08
15,19	-9,82685E-08
15,2	-9,69993E-08
15,21	-9,57465E-08
15,22	-9,45098E-08
15,23	-9,32891E-08
15,24	-9,20842E-08
15,25	-9,08949E-08
15,26	-8,97209E-08
15,27	-8,85621E-08
15,28	-8,74182E-08
15,29	-8,62891E-08
15,3	-8,51746E-08
15,31	-8,40745E-08
15,32	-8,29886E-08
15,33	-8,19168E-08
15,34	-8,08587E-08
15,35	-7,98144E-08
15,36	-7,87835E-08
15,37	-7,7766E-08
15,38	-7,67615E-08
15,39	-7,57701E-08
15,4	-7,47915E-08
15,41	-7,38255E-08
15,42	-7,28719E-08
15,43	-7,19307E-08
15,44	-7,10017E-08
15,45	-7,00846E-08
15,46	-6,91794E-08
15,47	-6,82859E-08
15,48	-6,7404E-08
15,49	-6,65334E-08
15,5	-6,5674E-08
15,51	-6,48258E-08
15,52	-6,39885E-08
15,53	-6,31621E-08
15,54	-6,23463E-08
15,55	-6,1541E-08
15,56	-6,07462E-08
15,57	-5,99616E-08
15,58	-5,91871E-08
15,59	-5,84227E-08
15,6	-5,76681E-08
15,61	-5,69232E-08
15,62	-5,6188E-08
15,63	-5,54623E-08
15,64	-5,4746E-08
15,65	-5,40389E-08
15,66	-5,33409E-08
15,67	-5,2652E-08
15,68	-5,19719E-08
15,69	-5,13007E-08
15,7	-5,06381E-08
15,71	-4,9984E-08
15,72	-4,93385E-08
15,73	-4,87012E-08
15,74	-4,80722E-08
15,75	-4,74513E-08
15,76	-4,68384E-08
15,77	-4,62335E-08
15,78	-4,56363E-08
15,79	-4,50469E-08
15,8	-4,44651E-08
15,81	-4,38908E-08
15,82	-4,33239E-08
15,83	-4,27643E-08
15,84	-4,2212E-08
15,85	-4,16668E-08
15,86	-4,11286E-08
15,87	-4,05974E-08
15,88	-4,0073E-08
15,89	-3,95555E-08
15,9	-3,90446E-08
15,91	-3,85403E-08
15,92	-3,80425E-08
15,93	-3,75511E-08
15,94	-3,70661E-08
15,95	-3,65874E-08
15,96	-3,61148E-08
15,97	-3,56484E-08
15,98	-3,5188E-08
15,99	-3,47335E-08
16	-3,42849E-08
16,01	-3,3842E-08
16,02	-3,34049E-08
16,03	-3,29735E-08
16,04	-3,25476E-08
16,05	-3,21272E-08
16,06	-3,17123E-08
16,07	-3,13027E-08
16,08	-3,08984E-08
16,09	-3,04993E-08
16,1	-3,01054E-08
16,11	-2,97165E-08
16,12	-2,93327E-08
16,13	-2,89539E-08
16,14	-2,85799E-08
16,15	-2,82108E-08
16,16	-2,78464E-08
16,17	-2,74867E-08
16,18	-2,71317E-08
16,19	-2,67813E-08
16,2	-2,64354E-08
16,21	-2,6094E-08
16,22	-2,57569E-08
16,23	-2,54243E-08
16,24	-2,50959E-08
16,25	-2,47717E-08
16,26	-2,44518E-08
16,27	-2,4136E-08
16,28	-2,38242E-08
16,29	-2,35165E-08
16,3	-2,32128E-08
16,31	-2,2913E-08
16,32	-2,2617E-08
16,33	-2,23249E-08
16,34	-2,20366E-08
16,35	-2,1752E-08
16,36	-2,1471E-08
16,37	-2,11937E-08
16,38	-2,092E-08
16,39	-2,06498E-08
16,4	-2,03831E-08
16,41	-2,01198E-08
16,42	-1,98599E-08
16,43	-1,96034E-08
16,44	-1,93502E-08
16,45	-1,91003E-08
16,46	-1,88536E-08
16,47	-1,86101E-08
16,48	-1,83697E-08
16,49	-1,81325E-08
16,5	-1,78983E-08
16,51	-1,76671E-08
16,52	-1,74389E-08
16,53	-1,72137E-08
16,54	-1,69913E-08
16,55	-1,67719E-08
16,56	-1,65553E-08
16,57	-1,63414E-08
16,58	-1,61304E-08
16,59	-1,5922E-08
16,6	-1,57164E-08
16,61	-1,55134E-08
16,62	-1,5313E-08
16,63	-1,51152E-08
16,64	-1,492E-08
16,65	-1,47273E-08
16,66	-1,45371E-08
16,67	-1,43493E-08
16,68	-1,4164E-08
16,69	-1,39811E-08
16,7	-1,38005E-08
16,71	-1,36222E-08
16,72	-1,34463E-08
16,73	-1,32726E-08
16,74	-1,31012E-08
16,75	-1,2932E-08
16,76	-1,2765E-08
16,77	-1,26001E-08
16,78	-1,24373E-08
16,79	-1,22767E-08
16,8	-1,21181E-08
16,81	-1,19616E-08
16,82	-1,18071E-08
16,83	-1,16546E-08
16,84	-1,15041E-08
16,85	-1,13555E-08
16,86	-1,12089E-08
16,87	-1,10641E-08
16,88	-1,09212E-08
16,89	-1,07801E-08
16,9	-1,06409E-08
16,91	-1,05034E-08
16,92	-1,03678E-08
16,93	-1,02339E-08
16,94	-1,01017E-08
16,95	-9,97123E-09
16,96	-9,84244E-09
16,97	-9,71532E-09
16,98	-9,58984E-09
16,99	-9,46597E-09
17	-9,34371E-09
17,01	-9,22303E-09
17,02	-9,10391E-09
17,03	-8,98632E-09
17,04	-8,87026E-09
17,05	-8,75569E-09
17,06	-8,6426E-09
17,07	-8,53098E-09
17,08	-8,42079E-09
17,09	-8,31203E-09
17,1	-8,20467E-09
17,11	-8,0987E-09
17,12	-7,9941E-09
17,13	-7,89085E-09
17,14	-7,78893E-09
17,15	-7,68833E-09
17,16	-7,58903E-09
17,17	-7,49101E-09
17,18	-7,39426E-09
17,19	-7,29875E-09
17,2	-7,20448E-09
17,21	-7,11143E-09
17,22	-7,01958E-09
17,23	-6,92892E-09
17,24	-6,83943E-09
17,25	-6,75109E-09
17,26	-6,66389E-09
17,27	-6,57782E-09
17,28	-6,49286E-09
17,29	-6,409E-09
17,3	-6,32623E-09
17,31	-6,24452E-09
17,32	-6,16386E-09
17,33	-6,08425E-09
17,34	-6,00567E-09
17,35	-5,9281E-09
17,36	-5,85153E-09
17,37	-5,77596E-09
17,38	-5,70135E-09
17,39	-5,62772E-09
17,4	-5,55503E-09
17,41	-5,48328E-09
17,42	-5,41246E-09
17,43	-5,34255E-09
17,44	-5,27355E-09
17,45	-5,20544E-09
17,46	-5,1382E-09
17,47	-5,07184E-09
17,48	-5,00633E-09
17,49	-4,94167E-09
17,5	-4,87785E-09